<Network>
    sizes : [32, 64, 32, 2];
    <Layers>
        <1>
            <weights>
                0 : [-0.21515546833965132, -1.1442703923463218, -0.38822394115017733, 1.0567415840510979, 0.6210231906977869, -0.005644701466101797, 0.24033172456626134, -193.38818906026313, -174.3326409199014, -164.0306318116952, -127.66623988656062, -96.2374560527354, -48.669059614371825, -21.65506251224103, -13.77663811293314, -18.338839863135274, -5.7145273337395786, -7.699561263630769, -3.792624867543541, -11.824468741000747, -1.570760992617246, 6.754437879261219, -0.6879152175284206, 2.134839841285195, -1.116972873620724, -5.026662680714942, 1.035319165058264, 0.996346356005283, 6.993295150332668, -4.426214242801701, -3.7968171406541846, 2.7222036095203426];
                1 : [0.3182923873882617, -2.356600525035251, -16.90926687127383, -25.558816297373482, -17.721847229645256, -5.281338876337569, 2.440802455157969, -9.67563262487269, 9.844594646658914, -13.212863122925926, 5.474829207193119, -22.08544498697796, 30.098690567272342, -9.905181873343608, -6.503214396789842, 4.020728666096493, 4.806636437030133, 0.06435615650608946, 9.081633957561008, 7.5977361141665645, 3.472948181822229, 3.4773389057429624, 10.165251898586018, -0.3419884278950864, -24.656566506824703, 10.690153058772905, -5.538093575867959, 7.02987472648916, -8.232927827544026, -2.7684951931432704, -6.442429724963737, -7.69602399287428];
                2 : [-0.07209752113603334, -13.70207338811913, -7.061415914078962, 13.327435179866201, 5.559744522339835, 6.930568798357948, 6.653135906053623, 11.933992643877728, 8.760885481854931, -3.543127463715651, 17.070190728970275, -0.6362817203753219, -5.4339343738092865, 2.2075616582800075, 0.18576569738085758, -0.14476038398001922, 9.65305563959988, -12.843832294614568, 4.695811199242416, 17.99680854122311, 2.2282384476790704, 11.285278207088695, 9.6060467056124, 3.2508996319137298, 19.83940075947438, -5.278831008773097, 20.131146987168492, -6.710839923279993, 4.138459722621759, 3.779718713467861, 1.7494935851880558, 26.282519755316304];
                3 : [-0.2679262859860556, -1.4886490409538824, -7.404315392718214, -15.716634712621161, -16.094342904205977, -0.5739589816450626, 2.337762420706453, -0.6187919387597581, -8.333287427313637, 20.549023832404494, -34.97422166365432, -10.005281181690306, -18.815802817165213, 5.46452273276018, 15.773736450406629, -15.97109262200676, -7.384784782323061, 19.108088897878986, 0.45280591991431013, 11.165778969055175, -12.686629952583546, -10.095133545327108, 2.240995645740936, -2.8999717382038344, -5.755981016398099, 11.95715399520731, 2.822215626811312, -15.382090839291969, -7.028498026603884, -8.45319574451993, 5.455221429496948, 1.1856035033114447];
                4 : [0.031726696516417026, -139.8897956382586, 3.274096015266944, 0.41078134851200887, 0.21572410767170738, 1.1765288672929355, 2.2940462839951796, 0.11222480058068332, 3.2129709206790604, 2.4969094098041698, 2.144086516124002, 1.3150281203539833, 7.724959452157416, 0.48936776880623567, 0.9706910808554527, -2.5719376672651277, 0.9413184891399409, 3.628092087536722, -2.4654834257013363, -1.0888868668704197, 0.5933952026981636, 6.978007337893912, -0.6331730385070442, 2.241433652937517, 1.8024162683316465, -0.20089540344738843, -3.5160248054610546, -0.5580937339995887, 2.3714456334243708, 2.081618974112027, 2.0474090819072255, 5.529536088885898];
                5 : [-0.35411381787089935, -0.3862371364352235, 1.4310472459926686, -26.330057757093392, -35.96230427274804, -88.82464942005338, -98.47955305424873, -73.19105262197797, -58.797596148260475, -37.47820118945128, -1.423307425544209, 5.248023392225339, 3.210515774337455, -8.271831768993437, 1.7578842562086363, -5.0490644416756645, -9.250930761686295, -2.923658796814051, 0.2927237323466085, -5.963775536671942, -3.460585495846489, 10.217593357956632, -4.251859390176193, 3.213076080136214, 6.16562715514383, -1.3112329314294389, -5.326993527178122, 9.692338336831064, -2.2393758656474385, -0.36592235125570594, 7.767857830445071, 9.18382802638821];
                6 : [-0.211758766698864, -29.66689098133, 14.620221820278255, -1.8905775111373906, -3.231853568389576, 11.770198112332398, 0.1703001410693547, 15.95845087233792, 3.3232995512738515, 8.08317447855801, 10.979316162978176, 6.729319831274599, -6.792669562798947, 5.60791730131086, -15.684317820036219, 24.020333984699214, -11.628085779820346, 3.160790458506145, -6.993529203059151, -10.333848235902572, -1.4534526514759725, 1.4338043279008867, -7.2116449240060945, 14.849454524458569, 4.29604468226395, -1.0058295077397157, -3.4085706378722254, -3.484825203302037, -7.290134878941277, -17.432855278235035, -5.249437639269774, -20.896800348202756];
                7 : [-0.45984459831593055, 2.4420237027967366, 5.267189432605293, -1.5723849913346233, 14.690030752054513, 1.4195236585348103, -4.362026818552763, -4.811716022229713, -4.210473895958181, -9.696457378346233, -3.4860241108007455, -19.938317221025002, 10.750936683826527, -3.78060186370887, 19.06515063169117, 1.9916363527014391, -1.8432984474984697, 4.672318820186041, 12.16497450833101, 0.875760344153531, -13.449192593443604, 12.058393955777465, 2.2950196355731074, -5.74548964543476, -8.432620401580403, 4.779428175590044, 6.012544614721316, 4.28273636212031, -0.21041951830763705, -1.5240564388774445, -0.9954845204201612, 16.74824027146438];
                8 : [0.1016899845354738, 238.99302987711937, 0.6055995374952166, -0.48344820379233455, -0.7357773458897027, 0.181080884507865, 0.4215908112545003, -0.48340009436348397, 0.28633938030566114, 0.2897950953626354, 0.18736310940383458, 0.3619250951172692, -0.2361906842934195, 0.3598306460740517, -0.6265075680111375, 0.3891005430359391, 0.6125717741660076, 0.14615005585636837, -1.3730431401333336, -0.044203662289602576, 0.8318992273019062, 0.3199838066525093, 0.3058017818317939, 0.03348570702521986, -0.939643953534278, 1.4298260654595014, -0.06308478925126222, 1.2219897097286294, -0.8947085459509765, 0.5453652447283807, -0.04802146991959107, -0.3135992880388556];
                9 : [-0.12280520026434527, 16.768436161911573, 12.167119104416631, -18.283061045830287, -1.828877597391899, 7.791211742310327, 0.7374914917445494, 4.603768897231762, 3.8306112208022656, -1.4522009798084279, -0.65549072939718, 9.963087248157967, 5.091640307876711, 5.825602144583845, 11.27695859327162, 6.068743108679855, 14.970513981206173, 10.458558566595002, 6.171817320540196, -3.140221760391417, 16.91352071404751, 1.6505608440158124, 22.06767626664947, 8.964229806760919, 6.562051251990964, 9.69304995042885, 6.548979107303191, 11.128846445572988, 10.213912652836036, 1.5305505720186445, -8.194400276018193, 5.5521360923704774];
                10 : [0.140381264425236, -7.4334365908141695, -24.86938185946533, -41.21354708747886, 9.313145613092312, 1.1699083309709004, 3.7331990977309863, 5.63732196480438, 5.049509696267784, 0.9194717417574189, -0.9876561689243408, 1.7016106145338692, -3.5332423198809155, 8.49757161642658, 30.271460145500548, 6.654598236411894, 0.92829126354869, 12.925301722380494, 4.418081648406065, 5.089763055772524, -2.692180787219904, -9.629212561468654, -4.165643801253921, -10.612558049884573, -0.5103231041198629, -1.8944444839362502, 13.24335502637793, -6.143321388933326, -5.808403260150387, 5.49255448474458, -15.330376779674904, -4.582823990604825];
                11 : [-0.13886619880478082, -0.014678596506237715, 1.153110953178126, -227.58141151764912, -1.6684998725188087, 0.1273091923069442, -0.35021302871898047, 0.8195739133410395, -0.6041865299734226, 0.42274189082380226, 0.7082600608670079, 3.1601395961724634, 3.2273681371831406, 1.7776184690973662, -0.4396661773152053, 20.999803468906595, -0.46802050846979176, 2.1265073543358772, -2.65063269312366, 16.22606122789608, 7.143317966841228, -4.1694504448686915, -4.984991173880251, -3.428072898021821, -11.267045470694587, -11.042567714617622, -4.050682068878694, 4.445783925729708, -2.58109990987038, 15.164538530897602, -0.948754781036987, -25.773529373690735];
                12 : [-0.19459395871233806, -8.31861203855841, -27.331509689269343, 1.9612304571165777, -1.2043590211851145, -6.1761192931239695, 8.886278077831786, 3.765473599476699, -4.364155899930043, 12.637594038004039, 8.046022731064294, -1.5878912351652044, 9.444145179576093, 0.5920477077086912, -0.8815150186384006, -1.024181768149175, -20.177147714986614, -16.59293407407198, -7.238295334482339, -10.116901362918846, 1.9118440795883238, 2.496084091208602, 10.414504787366115, 15.760302992406055, 10.443274341041574, 2.2896334778091973, -5.813326675937022, -2.293954012704082, -11.078915273770882, -0.05042156797203978, -11.350430132961511, -4.321892231250572];
                13 : [0.006051298563834171, 1.650647095860625, -1.6916590090784396, -1.3203066969528776, -1.1844665197516384, 1.6494083075331372, -3.4286093967508826, -0.5940831011915116, -1.4456066521878483, -0.9272481762561213, -184.25050733840175, -159.91725298043096, -111.66208839491485, -34.39738157410852, -39.27267762874026, 11.720162458481589, -0.676775485245375, -22.986612177779943, 4.122238786317519, -9.270009423676782, -14.271892690979179, 8.698883921806754, 21.0028476671208, 18.5580496163883, 8.769216779199427, 23.504385319562783, 42.24308031040693, 14.765786620618504, 19.30137222461436, 7.959892616314558, 10.02767446707978, 2.0563450755800283];
                14 : [-0.4953735053993584, 2.221070394004896, 4.745515209871032, 0.3982358563447095, 0.06856776607761829, 0.739239824698654, -0.017280748385297376, -109.75012055348934, -54.702643525652825, -37.76119252857574, -25.053237841222728, -6.302613482270542, 0.3914264920439004, -0.04317327303011099, -3.3443424865972706, 0.4551272593752097, -20.99111980887565, 10.755598163039092, -7.304815985184363, -11.6149702877457, -9.977050038928871, 13.71545765128938, -1.7675407718209797, 4.11394457624446, -0.9088116194015621, -11.366910287012645, -3.02535453790382, 17.066910811869807, -2.7134603532736272, 12.919172024945999, 12.990773971133926, 1.3450106699309523];
                15 : [0.3112425684696086, 1.687946871102559, 2.809157588488065, 1.4188470636349866, -6.237232124040132, -104.40582007648536, 1.6466977154507054, -0.6041558270622718, 0.8798388773707347, -1.312536702607333, -1.3109588941957313, 3.746340148345486, -0.008054269733095837, -2.3430435970770693, -0.8705607380401444, -2.0269551413320155, 11.66952375695131, 3.5052788181334735, 1.2971031937923303, 9.16715759796653, 3.8698187595337536, -15.3696337420949, 1.177454462646222, 0.561565012356391, -2.0755043322256315, -5.80446109837419, -5.84137639435185, -11.664055882589903, -17.082951788789806, -0.08021392585392212, -17.41773444289084, 1.663506091302346];
                16 : [0.09124670665367277, 0.12809471681839743, 23.500066026245264, 2.413933459138881, 1.9429349967749683, -3.9509323824382134, -10.303511925476151, 11.256731366806063, 8.37943616824188, 25.42553293756529, 18.026235162150467, 4.562375461493792, 4.585607595553097, 7.144040733224407, -1.9905855192448871, 4.7059942895412155, -3.5156690244161943, -4.670609654219617, -7.573861893761806, 9.055177428841825, 1.2423604605856762, 11.498317443486789, -5.040885668056509, 6.926839651991956, -0.29656796738329044, 11.250099737646162, 7.472141937381844, -17.632969271039737, 13.829328770232832, -3.3881896657091524, 5.0875960379704805, 11.504845771205346];
                17 : [-0.37561335894501424, 4.971640427659544, -362.73284714919316, 0.6767596552248043, 0.996929169271097, 0.5867085250934573, 0.1618905084899539, -0.018493079882504575, 0.3028916069262638, -0.24955509183939942, 0.08947573897224624, 0.22176485456910688, -0.43330411211560255, 0.664533300739306, 0.14828133687688405, 1.4749488384604295, 0.7873313168409503, -0.08779177948075283, 3.0300429354620197, -0.6024022940962686, 0.3691044933362864, 8.499767413700969, 0.8024860145793375, 1.9397441001777127, -0.7986043761520359, 8.217300670720466, -1.926690578126847, -3.3829461318704626, 1.0212828445162094, -26.3922375697456, -25.432986723977614, -45.05087850087264];
                18 : [-0.0946358640679726, -11.891536901453064, -7.664325416354953, -3.685562044352157, -10.823725270266724, -0.5049500174673333, 6.668466123688736, 17.944922773527317, 5.551719802599774, 20.078114991824954, 21.273072158553514, 17.659549034619506, 17.560381157951962, -11.766467173255917, -2.488251084330385, -7.529927733932413, -7.7198313275462, -11.892468055012232, 8.362467268868304, 0.5727636703978842, -2.6090202617404614, -2.395923881070477, 0.1192669006522019, -11.471973576745704, -12.491631379378523, 1.9191471841056493, 5.355029677223246, 12.400319489817367, 12.662283781168153, 3.320136578629526, 5.870615103851616, 2.5298862111222165];
                19 : [-0.2070604708537244, -11.287740505747719, -18.20301708683898, -16.722732264585137, -3.856086308017396, -6.373831612403739, -0.24673886488564836, 3.9765431400697078, -1.1006521430383311, 14.843158572659233, 18.062869097822958, -5.425818605036365, -7.388539081709917, -16.102790793198952, -6.825530104960534, -12.003628215821017, 7.1320152934511425, 5.833425400898119, 11.805446061552505, -5.587249608211207, 9.55396114602495, -1.2303895508860752, 0.7375414199268422, 9.896993387653568, -2.0867937531675027, -11.309001669856713, -10.53208426807686, 0.5847387572727953, -19.385398416422575, -2.0035955159048005, -3.8328731312857838, 4.601401652274562];
                20 : [-0.37900280915228607, -13.647285775144448, -0.2104245607356912, -21.202532862200847, -17.194638362111586, 7.199872377629169, -25.635912650079987, 3.720516677272327, -10.610245020805568, 3.5013341514957754, 5.747020365266779, -8.527279380966332, 4.29748009905369, 7.531911871246933, 6.823434143779862, 8.851245525744783, 9.163174645796076, 11.036695236215747, -6.218832533169025, 2.4522816241441174, 12.272788157141807, 0.6375529866463723, -5.365528001189311, -19.211921606300702, -14.564880143682046, -1.0344222560518836, -4.061438389665365, -12.413415607975884, -3.5093000417858957, -11.729783894551913, 0.18521980957263534, -17.956063375623];
                21 : [-0.15112629477564865, 0.3932429283964168, 3.065643466995662, -3.933356172590948, -1.6552194462332737, -0.5420492658476512, 0.3434508686333287, 41.54741503494726, 26.561108390337903, -10.538434079851847, -12.597618398050416, -24.59859039527614, -18.724504767947554, -18.443698494041513, -17.15483612204616, 5.255800112569908, 6.060419735254857, 6.003991070267742, -4.589673040249546, 4.378932701053166, 7.9767662862861215, 2.43981052281466, -4.467581186227107, -3.175695379377262, 0.44225292239244, -7.574324689499745, -20.22212440289387, -22.057441741543787, -14.303076196540795, -0.010890052165324265, -2.810782317717086, -8.755242480786437];
                22 : [0.2274324820610216, -11.6149543551003, -1.7336549455091577, 6.321577594852806, 2.5865203769221377, -2.0924960028931205, -9.510726076138392, -11.165266073175044, -31.60394963749249, 10.587912371715873, 13.307289954225228, 2.2307593510424932, 10.172373167558792, 15.32945109064204, 1.4791647522068763, -23.42201678921656, 6.184487966609429, -13.367708632218148, 9.167964410102607, -2.666396061666695, 5.193433649171676, 3.4408395646340373, -15.172678746587406, 4.07644352614485, -1.5433426999332733, 1.3091472603687897, 14.86356636150876, 2.2632073485151163, 2.6007753620861394, 6.834447290545156, -7.807055363452645, 1.4489262176855953];
                23 : [0.406842460481755, -50.19198441197588, -49.156640083074564, -1.1695351926675832, -6.210350367358988, -4.167225972970231, -2.69058643470072, 0.32253826002342817, -3.306278801960741, 3.634869040663448, -0.5293228067263288, 3.931972291398603, 6.286728339498307, -9.909259436204279, -13.442454163739171, -15.721761524113022, 3.17816793435379, 5.311039107840159, -9.420155693586683, 4.718119466864326, 6.811028892113133, -2.4397555987008435, -14.428825995858949, -10.002372828147388, 0.4770310100818186, -0.6729834308665732, 2.5424621457724808, -1.950972944037212, 5.917499746319601, 9.698839994278307, 30.066393788090952, 18.013852979948087];
                24 : [0.3422981880210961, -16.875462318059757, 1.2257073888036774, -3.245475931340036, 1.244674583786166, -60.6313978155721, -0.8403549909021062, 1.3449782747710592, -2.3181864344319676, 0.14202318145674814, 2.333812749922789, 24.18989292254786, 40.59302816436146, 17.43839158902311, -0.39904647581287117, 4.77106741019669, 0.05045988218441728, -1.411671931603837, -1.7691771793869422, 0.14428402418823658, -15.188572220399289, -10.505751771680158, -5.557461220780299, -7.948209073037682, -0.8541659967279639, -14.071762595793025, 4.139461000242069, 4.702370671147278, -15.053570532343025, -2.9118249447810927, -24.944913860088157, -23.602673460875078];
                25 : [-0.0723049148274582, 0.6877673607097544, -85.37926985349475, -0.6689655557474214, -0.6346100133142407, 0.6573312408402618, 3.170371693652659, 2.2662799495292814, 4.152558159272426, 10.341033399929888, 22.1132560780567, 42.909697538323954, 23.804278593337845, 25.30797263974884, 5.196863422566202, 4.8938700164983615, 14.027952551093305, 1.2876876053924378, 5.665185705611449, 13.167864382706403, -0.962557144126331, -1.7611361361427935, 12.645731118626424, 0.04222009093918626, 9.751987029259599, 11.039469034095601, -0.7581685937721577, 1.1450603982579783, -13.270194128723146, -5.4821442694550795, -15.029829570780642, -4.731246187090974];
                26 : [-0.31294663758245916, 222.8438222429677, -0.4178654702067218, -0.24760222419695227, -0.16417349399372672, -0.35605098693832843, -0.8598820343669364, 0.543431129163725, 0.6034593423705538, 0.7276078312140456, -0.46060970940649637, -0.14301249256730494, -0.898345418704037, 0.7478320726175945, 1.0704727114617403, -0.5819660155204212, -0.35259764581228326, 0.4460742612377886, -0.3719386843011668, 1.025165446871255, -0.8971669581474637, 0.34125311055006174, 0.14254785300787426, -0.5878224711661042, -0.1318821095327304, 1.1379140041035825, 0.02884565331456314, -1.2423162210699152, 2.2779290708990096, 0.5622072894204746, -0.2810551991931464, 7.427528216352437];
                27 : [-0.4818673311202357, -55.3385998783486, -5.418693981038361, 3.057040191973871, 6.4489542061375715, 3.045237084708103, -0.36824565025987394, 0.14909059019922735, 4.422501988655314, 7.619706893103671, 2.9645638870204225, -11.396332280049455, 11.857877853572143, -16.46130586586124, 18.106543134463, 3.6712890102918814, 1.8560759784289593, 2.9117835926736197, 0.5299617612996047, -2.813276170231746, 7.741611585367719, 0.11633277101371306, 8.379409309605501, 11.631198547516618, 11.248434266282914, 14.810819666832199, -4.121340493092807, -3.6654290692091487, 1.4913891231990828, 6.269104714660155, -10.658901361793609, -5.041306997850612];
                28 : [0.19072865284666435, -23.967448485239775, -4.13731328283874, -10.50364843923342, -2.0955792685092893, 2.494870132066534, 21.460059504433655, -0.49478732200704095, 11.786223323373331, 2.709169426408105, -7.084101669681758, -8.303401782567857, -3.2625055725925236, 7.671927689459767, -2.8541670026015016, 2.495182953253517, 1.9311839145424055, -0.2427040578959503, -8.92156503456828, -2.005562755355497, -0.05679932081640394, 7.479579513261566, 14.757733933123939, 7.026952631346452, 8.025605247115866, -0.29728825569910394, 0.8329822497131043, -10.15359287392343, -13.22231896018531, -6.273993477871318, -2.2790816119467925, 6.754867341541079];
                29 : [0.022105811071762828, 30.48759562867034, -15.416888279638604, 0.9879940001794002, 2.28291602258656, -0.41954452992174734, 11.074609834461631, 3.7812526480974595, 14.374523062683172, -1.3385930284157683, 7.048679936495299, -8.233790908378484, -4.646636890541121, -8.08006974474348, 9.403411257333833, -2.8266231019804073, 3.4027419913373533, -13.652879498571593, -1.840761383679744, -4.1345634818403365, 4.113554149890249, -7.688425710894095, -18.85571567857192, -0.2793134764792291, 10.879766424870278, -5.635038291004029, 4.474258062178263, -18.136500506651902, -16.771169308091253, -8.907292394863216, -11.994615848904996, 6.8986997738414475];
                30 : [0.4607990556643593, 9.696675703187822, 7.529642281132311, 1.7600347053416976, -0.3765656021255485, 0.9633343640690857, 16.074377670213362, -8.398857326985468, -7.441044212767972, -15.640875475167741, -1.0687013155567189, 5.750999082326207, -15.429380461159608, 3.044972220632347, -3.7810398270486343, 17.720215739087138, -3.2501705460745973, 2.4729218207892645, 1.827690561149196, -5.008920520457778, -1.7473917634657528, -18.062784449615425, 0.21870478183369502, 0.177967108706412, 8.70187704189833, 6.172353403712648, 15.626770007254127, -13.811035675326435, 2.769060306964593, 11.488597320141148, -3.783623794283297, 2.3945937684601843];
                31 : [0.30900397939908375, -0.007498698033827357, 0.588646688079582, 0.36496138205226414, 0.26656504200381714, 0.4833938756292454, -0.0928820466006992, 0.059739977841606534, 205.05211768618656, 210.43379161378093, 176.74273899449952, 133.83996810865264, 73.40642086863477, 31.854163606339128, 20.155385876474057, 18.725509362394916, 8.79250226677758, 9.624560214746415, 5.777281306135931, 13.28034215430028, 3.857897877629826, -4.679945967937348, -2.2168206950244755, -0.7974470591817368, 1.244625794516833, 2.9499185427323567, 2.664744555192312, -3.6701012371148276, -3.668730004851782, 8.710748077868859, 4.379058940677113, 1.69933697416436];
                32 : [-0.1355915284728429, -34.13951968250315, -13.39545619743466, -11.198242944751046, -0.935634976939643, 1.2154224308725172, 1.5172756000873855, 3.6403625186039106, 6.462502515615895, -10.750541135216023, 5.76789101598009, 23.334914961727332, 13.822249541056141, -3.072002163984686, -5.510119943143479, -12.940312745445997, -4.32968977371054, 1.3463206457883294, 1.075631904308585, -9.4736355392745, -4.6690412969474195, -12.864806438639429, -5.574220442556002, -1.114691646024788, -18.21853240147014, -13.95253763862114, -21.093235400502145, -8.71594443878161, -4.302751318910504, -32.803038675342115, 3.8714136632617393, -6.983111667610922];
                33 : [0.34791356387100675, -0.3505824364358412, -3.96303948707601, 1.4029944137736483, 0.20264451005913223, -13.363535303072378, -27.990374379132433, 4.516951762028041, -1.947561325668442, -5.7037540785937155, 1.099111764445092, -8.622571808130905, 2.2105381350504105, 12.656927129578206, 2.745107560912031, 13.841682005052894, -1.4873460255815534, -7.6842599369334454, -2.5047477415815145, 7.955212813610686, -8.1744807477718, 7.868498621087983, 7.715484630527152, 5.586026705901114, 10.167779999181706, 4.249736713359565, -3.293634538203515, 2.42302754771738, -1.9136250922854168, 10.84618912463399, 12.500060598770494, 7.257209169862622];
                34 : [0.37579681357468886, -2.871962547254992, 1.611123123709774, 0.5135097120308716, 0.12221408061168076, 1.5594825830929275, -4.844766417943244, 1.865281133986715, -0.18627428964283696, 2.154150595790072, 0.11221877330371152, 12.943003654303128, 18.060521616376494, 6.716913751837791, 19.27938460997893, 22.7906413429401, 31.640105650025514, 6.958240218925349, 6.1224976946653635, 4.645175636224254, 4.358826405717969, 6.726993316271836, 2.6781658525198733, -2.2983469897383486, 4.477418652821748, -3.03810414000751, 19.340233444277892, 14.185784548099308, -2.2871783004712674, 3.394433495663909, -2.937761391029826, 2.658002918534325];
                35 : [-0.17892616891319205, -53.86950535421445, -0.22289655463030217, -0.05139478735039371, -0.31208291456689774, -0.5694453786525913, 0.6112241577042862, -14.144012612894976, -6.086945686102556, -5.288509519252208, -40.518680209225224, -0.26770222466398896, -20.82657374273271, 0.5400394431057033, 7.589783637122118, 4.6996817689957044, 3.2418023718577733, 2.4538277035481624, -5.933264022556036, -9.11813075498447, -0.6970599513376506, 1.2295558175283476, -0.5789185180753258, -25.27041642687659, 8.734094823724334, -10.568419123012783, -0.7835600612442569, -11.6094516990622, -12.144883659741087, -14.760859849992357, 0.31842288791358053, 20.12277652684138];
                36 : [-0.13997653979148314, 4.6782777205065935, 4.144465080747333, -6.877997684262352, 2.889815815476385, -0.8536785524723357, 4.5886791801501845, -46.15614987961293, -7.630816501236449, 0.0424953591474053, 5.463471937652755, 10.486208902654598, 1.9339275075036235, -1.1833178243499451, -14.908441965536761, 9.517185519476495, 0.40566290052183557, -7.85985459346359, 2.761105189739574, 5.415322512913859, -7.833612573366247, 12.600703535485902, 2.5315857785590796, 0.7361520012851844, 5.469249151726915, 7.000827356131506, 0.9474143475243464, -7.98593102935839, 0.11968776161679842, -9.705191487877295, -13.462677708948963, -10.781421721838171];
                37 : [-0.31506486193076444, 4.759549549149157, 4.120439076558477, 0.3275217013335551, 1.0544746198674926, 1.8639853537928446, 3.417253081111556, -0.3715724652111523, 1.6699793710711814, 0.9302718386988741, 1.6059699131920862, 2.294869064774481, 0.7785779593930823, -67.09965625740632, -87.09220686382602, -54.15510626633053, -24.33690235483024, -23.305761427378663, -15.109889124856908, -12.563723785160903, -2.395969717528366, -9.587271693380993, -5.439785103088506, -1.4140721695858143, -8.379076738517572, -5.807606041403438, -15.481791980570812, 0.7979012507173306, 13.59624820837514, -5.626785222821744, 14.172031322351888, 3.8360597676258577];
                38 : [-0.4114900348108299, -203.3687614874622, 0.1683833822788539, 0.300280009554858, 0.7006355668332066, 0.08734289834308957, -0.5779238812596824, 0.43001721616893096, 0.42224366056935875, 0.06038677814971602, -0.10008743344362492, 0.5970313555553936, -5.989682672152007, 3.2917229423483216, 1.763277139719645, 5.035691382268387, 4.704538200262323, -1.9274719296858263, 0.27722874835737277, 12.193899596620145, 9.773332056844112, 16.092941341032404, -0.6139381812964071, -13.282339871285853, -4.184727682912326, 22.921387182645475, 4.229372730874267, 2.017757944305701, 13.590299827238274, -1.5619894023408554, -0.8373344125490574, -5.198566857652679];
                39 : [0.09119093978624497, -2.898298316029, -1.7966240112278773, 0.9242495751043948, -19.827590877077384, 15.975415537190896, 0.3530715230642561, -7.038150564717292, -4.985081964036884, 7.372787649944187, 8.233487219624571, -16.92685305194273, 12.626472723120989, 11.779936449189846, 4.251688639950318, 12.263704035613333, -2.390524543488497, -10.968949535614417, -11.99366258011508, -0.5502309223999982, 0.7169733540685721, -13.1567101480949, -6.639058326993065, -12.021192521204766, -18.194825024647255, 0.7444687098417105, 5.84264049812792, -1.2042167489534878, 1.6373983362699338, 1.3684919666936688, 1.2226613157295367, -1.8033457177862964];
                40 : [0.2801897078596538, -236.93702011378406, 0.48971092011881256, 0.0732129568290349, 0.36123555131829516, 0.7965143208494173, -0.2847400605248381, -0.3357273292038694, 0.4263970553210666, -0.09672376997233129, 2.202674503444241, 1.2172866349886897, 1.4756988441314518, 0.7652442467662304, 14.830715993362668, 2.994539169115741, -1.439960222345292, -7.143175730094869, -3.347609603797065, 17.733707032280712, 11.151316198199392, 18.568173009875238, -3.6933840714524875, -10.678727460579113, -17.605688296142148, 8.125093569300104, -27.79336488244307, -13.059109225448614, -46.980220585679064, -34.17179236850778, -34.73204478669133, -41.60273400202967];
                41 : [0.13274719501813967, -20.9269409303164, 16.51923524380797, 0.8090370515561793, 1.8842957549829011, 2.514600696089044, -4.192320965474865, 11.605641503984339, 2.28094862101565, -34.33969511657444, -37.7811718727694, -12.974109265336654, -20.35473965792165, -1.9342982279193845, 13.941039276476298, -1.216983740196019, -17.219771944385787, -11.93491963577719, -6.77378519706683, -10.705644128074763, -11.048477713335911, -6.708122428155099, -6.303699478393834, 9.01125467498038, 2.5002495076915436, -0.05973769229201776, 12.205663172817511, -3.366656572605086, -6.64592681917331, -11.892109916484836, 10.998733861529734, 3.4248035989932464];
                42 : [-0.4217671106584008, -32.84771909717184, -6.436499576085701, 0.20033805831786405, -6.369325884973179, 1.955446076406561, 8.388010486353785, -3.540690948945595, -5.108357803189809, -15.996594898220533, 7.65000297393689, -2.994036287326007, 7.251939752936034, 11.030418295294487, 0.14366466980045947, -0.5017581172895188, 13.625274241189802, 14.836738047941136, -1.685229844845869, -7.082830275463676, -14.30002888901865, 5.016311119731842, -11.480900743664378, 14.13192823894347, 5.545800896468085, -22.564486698201907, -27.478140917724488, -12.745060716419037, 0.17198168094427824, -17.288743041195577, -8.644930135077173, 9.918449742313827];
                43 : [0.2322279232028427, 0.6911363927651284, 3.251220163365504, 2.3438473585086186, -0.37005517841465113, 4.856639082162102, -16.422947707677245, -71.80163257026544, -52.78929514124455, -48.81402597611789, 5.604997669536872, -8.116069527248836, -6.3325671778858466, 6.059197294342392, 3.694451091779872, -6.374062932511617, 1.969235521877468, -1.0670825454770263, 2.6014464062736655, -15.610337203556412, 2.0206073250259764, -4.857302103145331, 0.8927463556917575, 10.894739962974844, 4.311357139838856, 8.485805472120038, -2.668710169572652, 0.5643433715624967, 7.698924506301736, 3.3579477005964766, -5.0571531504588245, -6.80672634602465];
                44 : [-0.05316796456450829, -9.030454959373394, 13.53021627676404, 0.652900642000001, 1.0208624180728199, 2.1636868446588906, -1.1404750491744797, 6.105412204943157, 5.200760545674666, 21.101281047365795, 63.588555703644275, 55.529472016667356, 19.073286278075958, 23.538604967406922, 6.208173476737158, 3.3638384744555974, 7.190529040526854, 0.2655916743368067, 8.29467882923835, 1.8560951262265566, 4.208214828965454, -8.083307076089678, 1.0752869953114084, -1.209612148824503, 5.372709925537802, 11.869625782607727, 9.865481060472964, 3.8608968936671455, 2.0359347025426944, -2.2828274685090344, 2.886593447847083, -9.642352584293148];
                45 : [-0.045853836081892606, -0.11613427394161714, 1.0197371877576538, -1.7627884196335557, -157.08908086232267, 1.0536153944655886, 0.801115571106931, 0.46388312901642265, -0.1351639886912681, -0.5256086886122154, 2.7230999790351036, 2.056214992866031, 55.09399347722528, 30.50266582595948, 27.642266026891676, 15.174900097769559, 15.431291449112944, 17.47299500744211, 2.1453767010443285, 10.841126813792677, 8.491766262028133, 10.030228221887327, 6.706481907222102, 20.96514242438139, -7.087731972098691, 18.42331721601214, -2.4935860374432415, -13.174947752721707, -4.984137704082336, 11.297532659727532, -7.415906494014716, 3.5718539712354365];
                46 : [0.38810048344814774, 2.243572764544631, -4.465728810592301, 11.316687651673506, 3.551338918147299, -5.60595995204883, -2.268127178120894, 11.910703277372404, 5.857253048318916, -0.3650012085849898, 9.72140549633212, 0.900924736009311, 17.53706632161777, -1.8095984566119496, 5.709927193810896, 21.18226556635299, 15.097632559264968, 5.035912887510507, -6.400076623962479, -2.5746420693945495, 21.409877331684886, 3.353505218910032, -3.826478649096546, 2.374828685154379, -6.985089657240179, 2.378056038457862, -1.057784921786776, 3.677735265076138, -7.4294609299709355, -9.204195030124701, -0.3455675250730669, -9.23893463828109];
                47 : [-0.31151904356381016, -3.4637165147478903, 3.804308263208706, -4.282276741056568, -2.0384974146259505, 8.366179185101304, -2.053499851601981, -18.23858256561435, -27.362844664330392, 6.758712462983323, -6.301625961503415, -6.055889716001475, -16.807041873252683, 5.544204945109023, -9.626651976435296, -7.181711104566413, 8.039097361589592, -7.731752402875171, 16.150257538057954, 5.389700568448765, 4.824916094762846, -5.490690674363172, 4.275612310830582, 11.021261353704967, -0.37733091703822935, -3.7880104411722813, 14.910781571064609, 3.537786991909762, -6.611535132197998, -22.646371874676785, -15.316174865055412, -18.93718696419712];
                48 : [0.4658804253120505, 0.8928916831603537, 1.218581242081331, -0.029989988218768145, 1.262159731547364, 0.25325961577684314, -101.05013968740889, -95.45497044578252, 2.543521709232738, 2.175854644367171, 2.620278172700121, -5.962297598554902, 2.6015192364254425, 0.11415269225177099, 11.425592641412765, 3.2742784694080163, 7.304728544144376, 8.006949434044994, -1.2378277496824046, 3.804539175379838, -12.873291790208045, 4.267499685955928, 4.188573918556704, -3.840317868645068, -1.8856234531842648, -9.137053599178664, -10.378993099401722, -13.811103444853504, -24.563742630628365, -26.202830822467046, 3.3611182218721787, -18.462670667446137];
                49 : [0.3887876489600049, 2.3427849033192576, 0.43243590162985146, -0.5468596905992815, -0.548911702858414, -1.4653864076894085, -0.035993066432395096, -175.40290491106543, -109.3476865740429, -85.0996810844136, -62.3046432020109, -29.076748912304836, -10.591696589651688, -7.237198198325226, 7.951982216595052, 9.365190121330855, 8.905158744425162, -4.38522051509959, -12.801583279568924, -9.620436312809542, 6.515787100043629, 4.508059672956386, 18.373968011173478, 2.8566740206336427, -7.55457086857115, 1.7914677995105877, -1.56682863888179, -9.404318650288564, 23.376459863236228, 19.042500912049096, 14.329027284444496, -6.51425827623772];
                50 : [0.08106251390572147, -23.69422727737753, 0.9522724964333242, 0.2218080412597537, 1.097020846898915, -0.4495005885761134, -0.917238072309301, -0.2962706943403548, -50.74799018498042, -16.540445157982848, 1.2082220097363463, -5.308327175526965, -5.035022371048464, -11.143587897392516, -8.085025225646707, 1.5132310358577987, -13.924784301611128, -0.18973517327250544, 5.2437250588909885, 5.620963534701675, -6.717970062437859, 4.529705488429863, 2.599792005133333, 8.369030788423336, -21.710279260760075, -7.758286660186123, 9.913847181418873, 14.687849247026266, -1.0923086517347174, 4.799316494988356, -8.312192527476823, -13.098345905657668];
                51 : [-0.48683339242981544, 11.00489101999511, -4.420468348085446, -9.435462796576523, -11.818708995756406, 0.7936913544542118, -15.944460811380498, 14.856693947640261, 0.1142555849310339, 19.672726761965745, 10.21962762979679, -3.6323735843407627, -7.9475067424815755, -18.272677468433834, 1.5131491474216048, 4.739980749281274, 9.59252582239579, 2.7888154812927204, 2.0536856736898894, 0.145031530327173, 4.890619764806909, -1.4996728935994776, -3.8238412318998405, 2.287694970601105, 13.777851838244986, 2.0052932052980896, 5.623386289921309, 12.737169671939832, 10.384396679807516, -2.8105185830017874, -0.09372284473747199, -4.522885798504643];
                52 : [-0.17778213235120224, 12.639086048691016, 4.239951061214965, 0.19429656176203106, 0.37995272294897836, -1.194292478400743, -3.8498606819056387, -21.809172479768762, -49.09165931629411, -45.59709868452462, -36.9365124450867, -3.936199410429004, -0.43469881377094544, -6.678357356343811, -6.019641824077124, -1.1279838485577223, -0.5549061807466912, -1.1875516811808022, -0.7209803756558371, 3.431214195722672, 8.185542072058464, 0.20639513869916987, -4.188646098000941, 9.321022538547638, -16.369437479494295, -0.23704977533396268, -6.199918446866409, 2.1494255061881105, -5.101071304562379, 0.9920039757353787, 4.612667155823114, -3.9791693985852166];
                53 : [0.3329150803205321, 0.25071422283748457, 0.9195215304298655, 1.01733142904181, 0.9714187045907666, -41.28099839790023, -87.54606125564142, -78.89546078914348, -49.439569254569015, -55.78478069104593, -13.072957991484754, -9.539379979037607, -3.9705488357289984, -13.17051093284943, -6.742802437726311, 13.915045381433684, 15.668734888037168, -15.912645292128547, 20.689367371732203, -7.289783640215154, -0.7155555913290964, -12.162329356731734, -4.56547741150113, 6.129475012648799, 4.045298442689857, -2.547530252344214, -4.34608316676425, 3.9913623904730637, -5.854800177417501, 3.2917593489536103, 0.6132003429226428, 8.846555044363221];
                54 : [-0.025304222570276175, -26.160804024502966, 10.356478221517342, -0.6872985005673659, -9.62276685147477, 5.430420075043206, -11.451877535713276, -22.814431868127354, -10.396062769502871, 6.905413259109692, 10.49891474562459, -0.9263823860125409, 2.143196590668888, -1.9395317955289886, -11.801956909974015, -1.915970751193037, 0.8828509758728046, 15.602505533308788, 6.98089874237702, -2.2649001987626853, 1.0891380020510233, 6.7689738939892266, -7.025998141885452, 22.159889828867104, -2.7161212774930115, -3.692450383106012, 19.619202868254558, 1.8969184512663622, 10.962272990192329, 15.472967487651514, -10.687345580331446, 12.071774504983189];
                55 : [0.01887944671000815, -8.33458801526492, 5.011072244738613, 9.460077444204229, 10.340316300058214, 7.0017961060492, 29.813960223050614, 0.2395783801884553, -2.70796479168708, 28.40806450495079, 1.9448111450593681, 0.6277018500921906, 1.7080921419030923, 9.348992840864941, 14.495263389659296, 22.6876576211684, -8.306423059096153, 9.251125246696374, 18.833439819687108, 6.925340102369567, 0.730652212447002, 13.131346225191637, 9.840313017222574, -15.21894544220954, 6.8122053982443065, -1.2336354985870517, -11.039858382754252, -12.140665932981449, -4.26601164584306, -13.92428812984777, -3.3717690351347747, 2.3253386958347346];
                56 : [-0.4888777275779723, -28.569559391024217, 9.534358303717317, -12.726036596455419, 22.644033034606256, -6.382248684284952, -4.224473143424002, -4.072081442661483, 8.294958275802397, -19.21020345713189, 12.559048170219317, -0.3696738558208144, 3.547652963561844, 6.19055088173301, -9.225200815505705, -10.119999605085198, 9.124904175487524, -11.805658447539054, -11.174647472892762, 6.429045581201841, 4.962539936736207, 10.17668183145289, -8.492550947562046, -0.6840440742984337, -1.8361561492236134, -1.5210674176396162, 7.185465951150991, 9.04928738048011, 5.480305716751189, 3.8058898384037056, -9.29478827907957, 6.242560603475266];
                57 : [0.34432573095888813, 11.545915923379996, 14.507433211209, -5.247304349308793, 11.022270789570369, -24.51679304068017, 6.682005778066332, -17.178733846175014, 11.044940525475104, -0.7912701691881451, 3.024548732452215, -0.8913877864824549, -1.540530887941642, 20.036715233110876, 9.850658564904412, 15.184054463850725, 9.110589045813677, 10.700218362727243, -2.0449363232548703, 12.078172181911514, -1.5947624863689362, 10.89083485488975, 2.868290751106489, 3.070280273424705, -3.747649865242348, 13.219103364631787, 7.5198571764995465, 13.537946763638521, -4.4552008291139105, 23.384249569285295, 8.953807019392872, 9.501133562503016];
                58 : [0.18854231892076911, 0.7912241765422593, -2.692385116855204, -1.3992969086963123, 0.2544917440829594, -130.23066615739071, -111.04750507063174, -27.151139581972487, -61.08016660551874, 7.616048981432993, 0.5827445518400184, -3.2025261300095833, 4.071418723836279, 2.9722136322542787, 1.2750628050960282, 16.938065133183134, -2.3097852947090307, 14.146000325554102, -4.446525220979459, -19.157638292387045, 5.977937085008396, 7.000585741505519, 6.562578984982105, -7.128642494371196, -6.110586145363077, 10.089603036819947, -0.5611105177992597, 10.185930789876787, -4.046139979462182, 6.552945260097904, -0.03063647334090845, -21.99921644320455];
                59 : [-0.1793122937170487, 13.879409059031909, 0.8747165959156293, 11.608537156379978, 15.09779767420619, 2.13308533300068, 2.4774783484140332, 5.56927216353341, -10.306692371780997, -3.928332015739238, 17.13915672771698, 12.278175469262873, -15.916374642683698, 0.34668693406760415, -2.3327950777478508, 6.072214603780455, 3.276901312074738, -3.4674017903203906, -7.693368084805006, 3.2167144236490937, -8.307937161156728, -8.483808634773993, -5.20486150775213, 2.4029061125255446, 1.4601992997773516, 8.916195604138883, -2.656784258425482, 8.316005887190885, -10.449311616543767, 3.572088601945665, 3.7301724924071094, -4.628173842281739];
                60 : [0.3294227052237593, -55.10895393132432, 12.67293936723282, 2.002710972888964, 0.8483673491077462, -8.454559978627989, 0.5062113236942198, 8.630900970623543, 11.365405346278786, 9.583907413616688, -11.47459841225722, 19.739724424550708, 3.7502956945824675, -11.480563502654242, 1.6410287175491645, 16.741030874900986, -5.545171715627276, -3.7080827328087156, -10.684421538407781, 10.942012108660839, -0.6875599513811563, 15.075154417133808, -3.7975744600609787, -4.5746958909842235, -5.507344538264767, -6.485804967848963, 19.58579429738744, 0.41640768408309314, -15.171481609448183, -0.9664100761714646, -9.499290648507806, -16.36622440477822];
                61 : [0.21089253249032447, -9.188327372070432, 0.617019018807115, 38.79433802388895, 1.4204112134084694, -3.712497053142313, -30.720667702100688, 8.331437469409058, -14.697380462451234, -8.933031503226438, 2.7208161245218574, 13.860296651761507, 0.7711696648957417, 6.344337012676846, 1.8527986750501049, 3.5239593383099295, -12.914306873039118, -0.050495145781554306, -6.728393366570347, 11.410696206702715, -5.454347193179617, 3.418567209987306, 3.0614817436468003, -23.901754837857645, -5.79361889424215, -10.810437491272612, -23.22702904887191, -21.9711636095324, -8.060112465225556, -16.553957753383497, -3.163830479035133, -17.936514748720807];
                62 : [-0.0847252073342039, 40.33701199630515, -2.5100489737956297, 1.2941475697973337, -2.539992673791139, -2.1368870199197625, -2.5213390643199904, 1.7877637391734928, -0.6493148184581281, 6.944563394525719, 9.821289568125184, 2.9903451643914667, 24.48019503196294, -1.170315232270306, 3.2285675826963915, -6.7565986942713545, 18.683517966277588, 2.500222053239836, 0.9782400178308472, -14.571714749797275, 13.380807982677537, -0.2971047511084106, 15.866987334477935, 1.9236366528415971, -6.14865204834765, 2.2824622690568246, 6.676779061275413, 8.946482652737703, -3.8175330219814256, 7.86737526344192, 7.426324924653107, -11.693993938287267];
                63 : [-0.43673598579807504, 10.041938970222482, 5.192548202159931, -16.57275530152614, 11.896613535311873, -0.5932586958258333, 18.71811024675024, 12.983143109685418, 6.515141277374011, 3.891924363871181, 1.2124575285203265, -2.4564496878928725, 5.632954655404616, 6.965005555091945, -3.3416758227914487, 10.307136007965969, 3.96015940477922, 14.79907046908052, 6.310441375751087, 17.92413248344334, -0.5377220805131746, -2.057647160616587, 3.7621121688770804, 8.138204920187114, -1.7105231433434627, -3.9885942364909375, 13.948758552362742, 2.3118123447505154, -2.053967464901101, 17.225560857167793, 1.3204435521846385, 5.177608320861425];
            </weights>
            <biases>
                values : [0.47493824477907853, -1.8388103978835917, -23.97557127720892, 0.9200983418906069, 50.215880318136556, -1.2040076384856824, -15.651362854195899, -14.320512779097815, -73.56805547706108, -18.283272303818542, -9.827843857909658, -1.5332865946780985, -5.293139856396839, -6.404547830273636, -2.031960310051514, -1.4324164131942074, -12.666487130020675, 2.9399711718260138, -9.643209022044877, -1.4578370317133607, -5.997480008894037, -2.092216952453296, -9.603450669869428, 1.1592065717674995, -2.5330352487377654, -3.87153359714488, -81.74219403516585, -0.051811792049859924, -7.043857356406056, -12.19746816451625, -16.245714048673804, -0.7916301952449911, 1.0130740642151996, -3.8674175450981934, -5.437463634221499, 3.6631476315053457, -5.893578733779601, -3.558662663931961, 8.657554637779645, -5.337721112224882, 0.9774277675613101, -7.154839170412489, -3.3394061802793655, -2.2647787103702925, -4.356720103223356, -0.7270170632956897, -22.245949320770237, -1.7333948771022236, -1.8132557098370012, -0.9589931146677586, 0.3232632137818418, -19.275731115424467, -0.03981953357259959, -1.071918894148075, -9.08715455695196, -18.011802554682994, -11.70102725752422, -13.174496780893797, -1.707144076755579, -18.665632359144695, -13.653252225155633, -1.4655611040216874, -29.170613985530156, -30.182754846195913];
            </biases>
        </1>
        <2>
            <weights>
                0 : [1.4383712719547712, 2.848343249660632, -3.24905604686114, 2.0916308714159313, -35.67442919922338, 1.6755330774317525, -2.028074454560145, 2.001897714347166, 5.3631555229888646, 1.592471353445735, 2.4020374297830145, -16.04452469959639, -0.09937136821020957, 0.4140359514768671, -9.23302765660323, -1.4339856444781878, -1.413461081910686, 4.661845692568047, 3.47339848141857, -0.16420855427843362, 7.321607831860306, 3.4010123376383796, -2.916077914708549, 6.170028184060934, -19.27382797865399, -5.646501535142524, 16.464936388227315, 1.657172462944241, 1.9985731911081228, -0.14258777497946548, 0.14503164994085485, -3.4642562173039506, -5.384328438233801, -4.6486280593188, -13.005418900720251, -0.15250034635186333, -3.716768850704449, 1.8030797073127345, 61.93687429724535, 3.358474597054971, 0.6701504024672424, 7.761350208658948, -2.077169084316355, -4.578012794693558, -7.277930416252025, -9.451784332771958, 4.160760993052228, 2.0921257944301033, -4.886445025991391, 2.138033259375037, -3.3979069111887252, 6.938537454464357, 2.431384780139376, 3.965574373455913, 1.3743340260598615, -0.9431672310808233, -2.891928649430981, -0.9628850487713562, -1.901206807743302, 0.039698871254339095, -3.259663164911843, -2.0856203376655786, -1.825017141304348, 1.6600905668284103];
                1 : [3.346942936522277, 2.83308201061991, -23.787349379791344, 1.3301871322530059, 4.844939301871842, 21.455469768167987, -16.823323792689855, 10.261384196393587, 12.208359626346672, 16.56214260034437, 4.633491814656966, -6.69543753976079, -0.050073372461046525, -7.111913003122984, -12.59132926226525, -4.847094497176173, 4.760005422360794, -0.857137054418187, 2.891418321252894, -11.576322903739277, -1.7201920487890916, -5.623032511830124, 0.9421567187431109, -12.021549689454206, -0.8120843160388248, 12.387639670219029, 3.2077790333404215, -19.96358246923833, -13.688712380226185, 20.352217186497512, 10.913157978954466, -2.2882136370475035, -10.867793716969691, 6.417242747169895, 8.231383123351694, -36.980397323796225, -3.397056137453241, 9.25694036758986, -35.8226991608535, 4.145474103846695, -19.896848874974783, 10.885498708121563, -19.73730047149395, 0.7108864784270721, -10.168681570575382, -0.9735733569954661, 1.2571069938804753, -6.149248066913941, -15.42421877285854, -2.2718500734340425, -17.061327797766676, 18.3293091780338, 9.370579494134875, 21.917908675486604, 11.254905267160812, -3.119743265549168, -12.98838101829015, 9.287990387745447, -7.801128472215861, 11.570638116290642, -11.844009635600623, -4.022774786270605, 16.358714371368325, 9.06537786892534];
                2 : [-0.7338037231318811, -13.05008444251284, 6.620680477375797, -2.920466087685155, -22.002396569839757, 1.8402648916910187, -13.40039585104158, 8.463444341436277, -18.81467222968913, 7.615421348038116, -18.789580409281985, -1.704131215210583, -18.564662813829077, -0.9639089403701484, -13.212397130901472, -14.756495350832136, 17.054210307060796, -20.377306294770207, -1.5496393772694805, 5.888769383854454, -18.95609611332504, -11.938671849845491, -17.74498005089971, -23.27786535812932, -11.47300798968372, 19.185668211558184, 6.52394100553122, 2.536486013673282, -2.5776948559823047, -27.291037062418276, 6.276913810987111, -22.844591565609548, -10.677118578578092, -3.1528164058929793, 17.928995284547465, -16.87513446724453, -15.436659115922687, 3.731616549486112, 7.740429729149999, -2.882040495277585, -5.413826453069031, 1.9370685330768884, 5.1802107469252245, -23.466879709260485, 6.469678704083164, 16.869497739558607, 19.85407463392776, -10.168189886385669, -4.359467707256154, 0.2921097029220812, 8.140015573803526, -2.8877785729560155, 16.054119747370404, -9.105792887191416, -15.501922297669857, 10.76090490074766, -17.834153990009575, 13.016296496071481, 5.707204343184524, 2.459799997865542, -25.506665264596542, -8.81992696487927, -2.695784065626772, 12.469155593115214];
                3 : [1.6161517348704695, 2.1932236659652946, -3.579863067229724, 1.5061260353604478, 2.9881224698797673, 22.79124005743457, 1.2868684488898947, 1.8270678068967623, 1.5287454728615268, -2.390062022770952, -6.259660552144332, -14.972793153037621, -0.857691290707264, 2.551827388053841, -1.2789413434750854, -5.86750697405833, -0.389346904706417, 0.2465933611033914, -1.7997853549723193, 4.116961257750793, 3.5516867369083203, 1.2723570048056232, 2.363753524723445, -2.12349798521426, -12.579296606275207, -2.133081150081191, -2.042110981599817, -1.6360428100820426, -1.2197467696257198, -0.7025838785204286, 3.992829284293446, -1.1271479531786857, 1.6681948774142437, -7.643541464772559, -29.089329862629008, 3.071108631577243, -6.553440140482987, 2.994495488928002, -36.33493970028019, 0.4578055179001864, 31.705826988969076, -0.01670266326905924, -3.7991604548070814, -0.9611167565660242, 0.44886877554131993, -5.904240195080851, -2.633921549449614, -0.18940427272912247, -3.8276235707505806, 0.9942703469397636, -2.590207164621028, -0.9741663898880217, -3.9926739884600013, 8.94292790326088, -2.3652345242377084, 0.5268550158776519, 1.7502888958763776, -2.7646747592539884, -6.779124710508354, 4.042283007792294, -0.7617297238892005, 1.1115080274777875, 9.759101249832339, -7.79944330465686];
                4 : [4.31994764994072, -0.006949681490685385, 0.7446839179782583, 2.07600848967778, -53.19051878542252, 1.7862369464691368, -1.957810362136049, -5.402839898502108, 9.083210093762176, -3.163755476547095, -7.136832912111351, 2.032624235079783, 0.5102650953787778, 2.568365308831744, 5.014011295289131, -2.2823684940789164, 4.573745269398644, -4.329431253226352, -3.6244890531923946, 4.42979927969141, -1.0337308996533807, -3.4947262601743363, -7.732902169229955, -5.397443050206578, 1.6777202438538985, 0.49276196609042616, 30.240971806826582, -4.367736611991044, -2.1830590324860393, 1.3061113455439801, -0.9028363020891053, -1.1456567546972845, 2.573753878658693, 2.514317559887604, -3.442646648536948, -3.8727472963773204, -0.6760687217199465, 2.9754077740848266, -7.630132501352913, -1.3744064921618766, -5.205911373538728, -2.6647361064939843, -18.053812993246147, -1.176947072500536, -1.1389208543119713, 1.2583664518334334, -1.652276398782554, -2.9668440253872195, 5.858504129205019, 1.3200117409145335, -1.6175414280718088, 3.7852604312361042, -2.4364009064803778, 0.2697621609432881, 1.6678350112480738, -2.480631775334676, -2.3680008846817313, -3.0243047076344984, 2.5175391103436113, 4.932049036181047, -0.9490765222773775, -0.44032623522591036, 7.314735978064605, 3.6943143751314893];
                5 : [-7.980989769268672, 2.820225919814438, -1.7853205490985649, 1.4981496955146114, -4.778155303757418, 10.139293451396282, -1.8690989808001544, 1.4099422009668268, -2.2578398070781502, -14.413859530789585, -6.0660971637189975, -8.233564816060396, 6.112171907757168, -27.29063389732235, -11.795282889914418, -6.995291748718271, 1.7060504575972038, 22.571941069125984, 0.1302121646392082, -0.19418110033772865, 4.546146567544934, -0.5158201411341384, -4.4170659866823465, 0.3736168359958604, 2.301519852028439, -0.5806770785066893, -9.129414761502805, -0.10592905444468442, -2.2985509644487054, -3.5625425126017567, -1.6590701144769269, 6.866846614277623, 0.5903096123810716, -11.128624037828828, -0.7915713064637072, -0.8353937803440196, -7.036108940003321, 16.84203561423617, 9.20153434316581, -2.337739783277809, -8.184946332214698, -0.25763015772002723, 1.2970307483944272, -2.790067265713651, -2.5630299513615067, -2.5239372213602853, -2.8723300381753316, -0.09995556568998584, -6.368609145765842, -14.479255880690292, -2.2063517876314602, -6.57017990149237, 3.766202072570475, 2.808378367007138, -10.336216603616586, -6.26550283133028, -0.7804061210246691, -7.700154690571866, -1.4822942077196584, -2.521478782169383, 1.5028467854570091, -0.8121573732094759, -3.1033194146626277, -8.08368496082315];
                6 : [-4.394281759222519, 2.1793573518704306, -2.6340725060936334, -3.539035681822006, -12.688972178871254, -1.4762451320141996, -1.77971833375639, -0.08404638458623663, -1.3539178285710107, -0.005199237083765392, -0.340448583226756, 2.271947723097615, -2.174914356173325, -2.8399345647478516, 1.1276548770438535, 2.8086359645125016, 0.7424242438516183, -4.524106456198915, -4.203065462037813, -1.0735161835621307, 0.9950490052442582, -8.769736332364033, -1.9275309297599452, -2.4316386075910503, -8.56524037955147, 0.9027491071913452, -0.1179351941270919, -2.942082514349454, 14.128684286556084, -4.294475791326379, -2.453016509954798, 1.2678305098753593, 4.440891527271686, 1.0064486733597853, -1.6860914884646017, 0.015614533829052025, 1.9200291940048422, -2.587544637216911, 14.337118753608824, -0.8043208856914509, -7.92459792001042, -0.383995074179741, 6.3262225055682135, -1.1097295598024723, -4.747478268047077, -17.042739200462325, -1.0696383234883868, 4.960553338156427, -1.303738857879, 4.9524295563886245, -3.524492403069425, 0.018102341944887437, -3.427878239656916, 1.8877982857977171, -1.8282897149503414, -9.308969456966684, -1.6457796542920473, 0.9029476518911309, -1.4720986699475842, -1.5373239177852893, -1.0826109327731754, -1.9359892882092524, -1.9255979788735413, -4.300813722791432];
                7 : [-5.7077238216423725, -2.9983962929604657, -5.911947785996841, 1.070721840598769, -6.936798436897436, -0.8983288884938624, -2.546982079277219, 1.870910393064385, -0.26232907198531924, -12.804764368553844, -13.342082586109136, 4.22239734222189, -1.4013516082342883, -6.302225885788233, -2.557798649005494, 4.6504926639177615, 4.966360209272082, 12.532335353303646, -2.5218190620350507, -0.19995629794350453, -0.0535384003829535, 0.7343249747250646, 0.7113245110189318, -6.8496164490217915, -1.445270590574356, -0.38475259284246366, -4.752376283118807, -1.3651774920480808, 3.194177932479051, -17.590572002770756, -8.490183591150998, 1.086947181552551, 1.4638299770547818, -0.7553500040669876, -1.3288942468986253, -1.5220768633491404, 0.8377336259817802, -1.9061495606035543, 8.496054390730286, 0.4823955071881833, -59.56387349057706, -0.6503956249761904, 0.44243655797981285, 3.209489482418517, 2.5557224831056784, 3.292845309078908, 3.3498013890736673, -0.050696696757156545, 1.6278370744233235, 5.362255988341775, 0.37813366351562827, 3.5363635067361026, -2.5448436352839794, 2.0261139917279496, 1.9816442952635156, -0.5291483244350939, -0.03234273579784107, -9.808655713400917, 3.402063948254931, -1.017869688678947, 0.6579466046163035, 1.5564145816724473, -16.54770216831301, -4.098769269924427];
                8 : [-1.128259117420091, 0.36066595125748574, 0.26238977620151327, -2.230770876673205, -5.868436626509674, 7.078659728136013, 0.08938145229679915, 1.7002144135851118, -2.312025559281049, -2.0676403378986508, -2.0017025535004187, -5.975580054834369, -2.2134564609586675, 38.61336032493415, -11.260236993756624, -3.313122861510085, 4.173171179809991, 3.545943563493865, 1.9630852646814658, 0.0075800106998377735, 1.3867718402975233, 1.2740181561237058, -2.1355368539314505, -0.46083474636281035, -11.729088182074321, -1.6604985570293171, -5.733161153380561, -0.6367918885344496, -0.3229624218262073, -0.6958069077409641, 1.6609686962568029, 14.150663818487509, -1.880046835687155, -5.997470051435406, -17.818803044247392, -0.17509576994830456, -2.579321998000457, 1.7661138024645648, 2.023847051565387, -1.35780957540101, -2.6085239610129407, 0.6447470489064318, 0.44290159032377074, -3.1908375054086355, -1.5951325943863042, -11.275430522928216, -6.643408958472281, 1.3039520681768555, -4.1306187937441665, -18.28207440032751, 0.27926464171457577, 0.3339201135039056, 2.605817985622143, 3.6649572920477422, -3.10808984785086, -0.6727371229468748, 1.7850155580734584, -1.2893754959301071, 1.3665822121298483, 1.3139021693112762, -1.8123298092900961, 0.17793164852023163, -0.08830560725704974, -2.784466930977749];
                9 : [-6.3003360274530715, 1.1986704043297847, 2.2323020423040902, 1.4212293099269007, -26.819711227947675, -17.023920059460956, 0.8916357663479749, -1.5434889609990008, -11.972553656102034, -4.721486680009586, 4.182609110988236, -1.0144768113701728, 3.9890255237050907, -2.2808025369035962, -1.5906782448275014, 1.5902168132938035, -1.1159910527750665, 101.0422498721626, -0.3040171723539786, 0.40649419582718377, 2.3634114874674395, -0.721899289324352, -1.2873332279821075, 4.370413007949397, -0.5792133595479124, 1.0890072500094699, -21.007742745056134, -3.173031017899285, -1.1217929007458753, 0.08064312206046892, 0.4043870324942279, -5.17171312129425, 2.2285212657547966, -0.05435412054843294, -0.6626724194069784, 0.07275220104268607, -3.347712252292478, 1.8506136024129651, 0.4974879475416233, 1.9885100780597116, -1.2891508249883121, 1.0769938029301445, -0.748348319269432, -3.0338104431069377, -1.4020602281227108, -1.7071361011825101, -1.6367321782383832, -0.8860082604001113, -1.6227103769752727, 0.19844476993951782, 1.051052336953391, -1.7351757829162326, -0.5524175117088695, -2.435445263183284, -3.6446862766224046, -0.9925468262272287, 0.8124621792193214, -3.1533872303556536, -0.1309342158210996, 2.072304831829172, 0.43130498464403394, -1.5953516601989233, -0.02316059899028166, -5.445111457403112];
                10 : [5.253907825059439, 1.2335257991445396, -0.9392245709848294, -3.24197638705332, -21.509536278272737, 6.129747561511261, 2.122502971014819, -4.840078200401153, -4.480372732747449, 0.2271644398673342, -3.921619043928985, -2.6089053853113096, -4.064883036369624, -1.5424809800107984, 1.8442039517651072, 0.13501613475609314, -1.6985738003450361, -5.305668974762197, 0.48057461857355593, 3.6441003962804985, -0.07556560687805634, 0.14297012093970668, -8.501373667833882, -3.5492267328471248, 3.8677532863776642, 1.0083531706474425, 45.48464457708594, -6.110300838995046, -1.489925628782664, 0.9382780791105919, -3.1068788292563294, -4.057008528437699, 0.36264852846239287, -0.9856013245044032, -1.3028473532082865, -1.6863597454831367, 0.15812564701257023, 2.8361487791535898, -1.0340732897241538, -1.7780794804139524, -1.0976596566481231, 0.021703875696939576, -4.288541128458559, 0.9920294925268084, 3.493698699550833, -1.175578651572342, 0.20134389680253903, -1.9033430604048291, 2.931740796901255, -0.7293631151937882, 2.1997920455174453, -1.9859899460283537, -1.2037486417351009, 0.5216998349271785, 1.433357133917566, 1.7192339148422844, -1.1525406119282604, -2.661838018340433, 1.821256549523136, -1.0866616706092305, 1.510173468702138, -1.448698853227591, 5.880451222995964, 1.5364751239192391];
                11 : [40.63237175015582, 6.065234294606635, 1.1302045189053638, 3.2675869088848115, -6.801376796050156, 3.7969564293359777, -3.4690093780024696, 1.511472691269897, -5.543356727803045, -7.99665540962298, -4.5732923012397455, -7.7431800269388695, 1.1074240115708551, 17.88132359439486, 13.451887165995691, -0.025101406709288045, -4.200788119930061, -1.7968624507104962, -2.0769945310529327, -3.9890389836912155, -2.572097316113476, 14.190172311903792, -2.3786963784942556, 2.76089135948905, -8.82703115614938, -7.827161010621151, -3.2401926172371214, -1.012966558891004, -2.9235385997888628, -0.8371789757718348, -2.383337242754616, -26.88978304900418, -1.7589268191979566, -9.603041778235404, -8.853900332019988, -3.017052255170871, 1.8582982793772767, -2.2621633217167485, -2.469584017081195, 1.2139098576094336, 2.5853318887055803, 6.138366984044547, -4.042307795471582, 4.23890748310598, -8.102441280742122, -4.443129413851026, -2.334958880691168, 0.3141059134518483, -2.761513529156943, 25.1485695048229, 1.7454224796903703, 0.5176879522865829, -0.48059796842160263, 4.808588040356011, -5.165940680176744, 3.350028667939561, -1.5027219821654234, -0.30109388601318826, -5.2229815849365355, 3.4868850371724927, -6.607513464548322, -1.158736478063243, 2.997010207822049, -3.6402553875838057];
                12 : [4.870904215226857, -3.5890780436943994, -2.144482047444144, -0.5860144916942096, -17.95843973718656, 3.5551103336270686, 3.859873033248555, -0.37107537089376186, 5.075162323381833, -13.337254941039658, -11.06790263671115, -11.481329386260196, 3.471879809796117, 5.66643278174127, -6.970661691939538, -6.6658777306345645, -2.6750427883455554, 2.647897845271467, 3.4603676567756825, -4.05617255485147, -2.381957288902072, -6.128077157640846, -13.038788792832376, 5.018685834683001, 0.0313038501338267, -0.6727601573751405, 9.515680587565893, -1.5869473562267042, -1.1389964473841072, 6.604945489495447, 1.4186630061330503, -0.1546081767198673, 11.940886868232585, -19.504667615837015, -13.846348028089885, -5.740877303617073, -0.3975077034823922, -2.197156679545573, 29.114582642675543, -1.1557757746418784, -14.939259874057395, -8.071261174063523, -4.341575489467764, -15.372436628792943, 6.454188227137906, -3.1342464338682388, -4.1755059445021985, -3.281483197004519, -10.543714514208803, -3.7479306134790464, -4.151262429937507, -13.290698758225346, -1.3789750165592158, 6.99461008376845, 13.261172160238777, 2.1606890334251863, 0.7093464562878004, -7.229375027807036, -9.065106992137583, -0.07844256072778724, 3.1110206826658415, 1.22912167826647, 4.920119537545263, -7.887282255450059];
                13 : [-2.8999694035249544, 7.460345699053657, 1.5966065712451005, 3.1931909385469623, -3.5736619312132416, -19.354118723315995, -20.470072123338053, 6.900958428577603, -9.78521387452337, 3.462115473310542, -13.986272703212258, -10.942271314380026, -2.762795300431691, -8.705917270880057, 10.573076596773747, -1.9431368200767798, -0.6229935414518785, -10.620443287739228, -28.466735933111135, -2.2568509261451695, 3.4600770052309002, -7.349167973176709, 0.8464852912330809, 0.518658555680623, -3.260407013245778, -3.0281925135218484, 11.84780570981608, -4.431993145197508, -20.570742726670062, -0.3103332638206666, -14.985360754720233, 1.058461925669318, -4.659491859070093, 2.581060848518942, 9.405440274444134, 3.6242320415692757, 2.37752914006696, -1.2531100702777005, 4.830929070200611, -2.3247538250260202, -8.212909660091167, -1.466627475383456, -3.3678914162194413, 13.354053037404318, 5.841496733517254, -0.849599699157887, 9.389579415990031, -24.869458323649333, -10.803835044109105, -27.79658060499103, 15.057678110636914, -12.743263606247602, -20.90232444071991, 4.943979377319496, 0.7235860846369011, -16.10008248597391, 4.171737054200553, -8.232196097553569, -8.626158308111565, -16.194137711434596, 7.104301226469112, -23.75549306578326, -1.6786135023003859, 1.6342506349367836];
                14 : [-3.1187518980065896, -6.547549970528876, 7.667929841640864, -17.609104253954897, -15.768500922104195, 0.12766647617343363, -6.3533905395630486, 0.4620406758613894, -18.541721077558357, 5.701831439754546, 2.4161604298238903, -8.495351583943316, -6.983813750564347, 1.3860023217218516, 2.999098280582555, -0.7199470980644042, 14.179111977980073, -7.775440470909465, 7.932586362658171, -2.0641295566400104, -12.403074102153345, 8.595873642459395, 1.4686295208653415, -1.7419697672784784, -10.61942955441745, 12.854078102892032, 1.0992402159028798, -6.393443603691351, -1.7563451609961866, -2.7888861761933486, 13.83551697968098, -0.02457406325870918, 1.3067666071254498, -12.112078897263906, -3.4128722023995244, -6.4121300384281446, 2.2807538801153746, 20.68817324176353, 6.426668970577753, -0.013964090588990744, -0.6500750191722552, -5.986360537894432, -2.158657881442917, 14.219756104349123, -7.3370649147057225, -6.912211770087328, 6.5992615220855395, -13.674085446321614, -5.268634985470581, 11.69918171241669, -8.981482212842335, 1.3620294978506748, 3.7222687562323746, -1.38876950540817, 4.856561847100199, -1.5344900747766623, -11.07634939626306, 5.054035644778307, -2.1407249190549567, -5.496535716386202, 5.140259555469645, -14.382575780913083, 3.1283771997215095, 1.3934976074987921];
                15 : [-8.83822423618704, -0.1331020010865559, 0.7353045119347423, 6.943083952611114, -46.08784169265684, -7.921068937000831, -5.642422398095367, 6.506670938423062, 66.881802792339, 6.505731096809315, -2.6605523088020098, -4.746774461238173, 1.3312437518695917, -1.1418631269377688, 3.087392116589362, 2.157761365309176, -0.4167388216053771, -0.3401160460645085, -1.979741715943494, -1.4739475196416163, 0.023124340520154024, 1.9246164725172474, 0.6726319013700766, 6.3238692038035715, 4.1879700413278025, 1.1437728636072977, 32.90087701895473, -5.278696129328697, 0.08513296624110799, 1.3748094605907517, 4.55658523867839, 7.900450366079372, -3.218789499898511, 3.478522947911573, -0.17765150601449547, -7.092124363282845, 3.181201873888933, -2.763329045188059, -6.764384102659695, 1.9866121151998315, -7.926871098400342, -0.7130841188846896, -5.481963087362351, 2.1725586741574303, 2.155953923687083, -1.5736591139578429, 1.0410912294597163, -1.1798596356546827, 0.34845952737587527, -5.018910331418564, -7.1965470754801215, -0.1898466753215539, 7.6243587308055805, 5.154155976385841, 0.23024682961992904, -0.9244474713969566, -6.016726743553781, -3.152576576063326, -2.427041552848883, 3.5049006175901467, -0.3496733374971599, 1.5904028339989835, 2.3958757217870437, -0.9849902955549353];
                16 : [5.7819771888418465, -0.3418831124406961, -9.381816664259805, -3.119479921267226, -20.53622574390325, 4.193722037006764, -8.69355586295654, -7.7840309341143925, -8.822426671935963, 1.0635346391614546, -6.51732576467784, 6.715498249130356, -3.3775640579145496, -2.973195967978903, 4.247583244149588, -2.646453351660958, -3.5567491758149585, 4.939189908977573, 0.06919066080832821, -6.242554133566099, -1.1656884828912304, -4.677123244547489, -6.561019231434811, -4.593886573332677, -5.338904353156137, -1.5899154837115674, 24.2042312330473, -11.768227747143548, 9.019878082142991, 2.83957856110936, 1.099218698319098, -9.407897390307799, 13.82751181219405, -0.3807400616990865, -3.7860709089133358, 2.8306005863697434, -0.8813279518061393, 4.8051150188701035, 0.894194893092934, -2.0588307321549624, 0.3455242100232509, 8.635035199470247, -8.993042932560497, -2.8107404564719096, 7.441604916431275, -13.378996971321213, -5.592952608619052, -8.611349207892918, -0.85139390730423, 0.5716511009239325, -2.602471116587811, 19.284486740286393, -8.55981349255925, 4.425294761600959, -1.2585824543007527, 1.8260769739385068, 17.979972397381818, 1.3898165080561617, -4.353660983822228, -3.868823354408887, 0.38750569908514354, 3.8188849787648023, -14.206058176204028, -1.5302009251861];
                17 : [-1.2160613774178792, -9.579233486465835, 9.55617708638938, -24.766912821715728, -17.502088855550127, -3.6888048177458925, 26.12790764874629, -12.501069677725216, -17.827598975051313, -4.016100025339101, 2.415193240685718, -5.109158008491261, 0.5266553326697435, -14.479221108969345, -3.271598302893746, -2.0819900585564026, 14.1992237577442, 9.802059153078243, 8.08182722354548, -21.501435894678714, 0.6121333016253724, -13.476712750012355, -9.655308620921396, 5.07277099996711, -8.585080574744142, -5.493054065528009, 0.792858433361411, 2.7174514163620094, -9.697146153224638, 7.714750822411253, -22.13714751827555, -6.188313044656606, -23.46102455905944, -4.1548565741079, 20.92612482155372, -8.002561784891517, -13.883860683596684, 6.191765428867772, -6.805965777808696, -7.001905014550173, -2.769382747567787, -13.198648474207397, -13.480676692071528, -19.105951349825997, -2.8949299914176323, 9.95920915380494, 3.0415783428900514, 3.8360245604203858, -16.568731551098033, -15.633399823341497, -5.017088267678957, -23.127803408907674, 0.25277827935058717, 15.437618231798357, -34.126481817288884, 12.711504695371882, -17.207635586904207, 9.176060533027231, -0.42701992888222634, 7.671862434710749, -10.77920103372843, -22.644816750628546, 13.10815935908272, 0.4324630763356443];
                18 : [-22.251231755643953, 1.7841561684178346, 0.8183095704926765, 2.2655454495027856, -2.784547859028274, -7.8745320259092635, 2.1113584935421663, -1.026343531928648, -2.816671155150735, 2.14443963486893, -1.722797487710691, -4.343360088058576, -0.9032499600800761, 14.424632267319115, 3.098881215881733, -1.108953101142122, 0.05054251696034358, -0.15284573147102734, -1.4590709138879612, -2.469265044663403, -2.023487308389246, 0.5936281624741641, -0.022719950058059178, 0.3319519734852621, -4.07808139235507, -0.2005627703422017, -1.449307431757816, -1.8493364685027047, -0.33913868379071294, 0.7970009390778715, -0.5289640987754233, -45.7013353091545, -0.8765707894788458, -0.9984261524593098, -8.013288010192246, 0.13155317408030828, 1.139925340244253, 0.5131673422216841, 0.2820953454960395, -0.3910406147313851, 0.09941594862562703, 3.2932160572045692, -0.9784020363188325, 2.728172486155101, -4.094860708424554, -5.180546817948841, 0.9307829498414238, 0.7640576491962284, -27.798758463983066, -20.57575951832704, 3.4036491947537204, 1.2128800063071687, 2.044966746424391, 8.52493707723349, -4.819604918885131, 0.08073795585421312, -0.5361789883037901, -2.477186640164101, -9.633403963255256, -0.3707144508771464, -0.9989256062275996, -0.06850692902459865, 0.41235623372998864, -7.340283486017094];
                19 : [-4.539688364992886, -17.354880688513468, -3.0440272629584633, 2.5525594914050065, -0.3920988187897187, -1.8160863794360493, -5.3517813845018125, -5.773362495270952, -29.36416183711087, 9.109156081724349, 8.088842968379153, -0.09766011030991259, -12.472731868365107, 0.8818825968577046, 1.4768552453679493, 5.456518687585486, -7.956524179390531, 0.69070077705081, -8.100764301795323, -2.123842768735656, -15.833039474106632, -3.7576770204936945, -13.313293868617391, 10.520182254806517, 6.792989840511938, -0.22863540587737036, -3.4814751040715497, -3.5835461993603235, 0.4942853821281795, -7.301011464100579, -4.976879078455803, 6.850711009124289, -9.166725902945856, 4.121368939279921, 1.0881519553941783, -10.564777560080584, 7.629009524231791, -11.04541618601819, -4.7596067244245095, 5.670453026223776, 11.103818387645815, -7.642199526529674, -11.815259487115286, -13.618835101664532, -21.162674217816694, 2.079627875191754, 8.803755732400093, -0.6447071648404482, -1.4929103922337326, -16.50463056850653, -13.443031382273297, -1.7850126381360396, 5.639192660387839, 2.101848631844, 11.043094577077154, 14.011973834833773, -5.587792020088667, -20.735251843435154, -1.0807754818694528, -13.083307401066444, 1.2584211970934651, -7.749721796707502, 13.297288714356677, -2.44717490025147];
                20 : [-1.334689353860913, 0.8953642076075833, 1.9378435163681167, 2.900508517637986, 9.846230776968897, 2.5155028619210444, 0.8029212787160281, 2.2295871075507327, -2.9522548968313513, -2.815698765989998, -4.561111789095817, -4.320853942532626, 3.3298096783098674, -1.3935511339568551, 2.2435853390200586, -2.668827996423885, -2.324833103737397, 0.1312366281025095, -2.408907276679811, -4.428712927122046, 0.9469224473843312, -2.644388510846964, 2.848734036981421, -0.7301204196588874, -6.0838201205378635, 0.2639071041271543, 11.93664458782895, 3.872933523046365, -4.383108576230357, -4.262621830761529, -2.0951890447627224, -51.35363310351769, 1.7330561433147031, -3.3540178265067393, 2.070274721041583, -2.4547856283327785, -1.5554793484125002, 8.916201264630681, 3.5536564652635807, -2.5430680698623367, -0.943789545907161, -9.498202699654147, -2.4212540824011684, -1.1125544787901613, 14.060665735101104, 0.07385373756888405, -2.2545971035268835, -0.6083305141300145, -1.4507078072670503, -2.669295236028077, -4.157204553472396, 4.50672043607795, 1.1912336543244764, 3.14815237197755, -3.5296270464502406, 1.3455757807126654, -0.6132005066801817, -2.480632418068321, 0.9260046909123641, 2.4233595514197694, -1.650885298564057, 1.6608290109013297, -1.3619999804118004, -5.165317498659674];
                21 : [-2.750466905903922, -7.778715397527319, 19.08814514282955, 10.266294332807302, -15.006573046260572, 5.000253104859866, 0.20066514184133244, 14.99366179218891, -10.678483846195835, 10.615781251905197, 0.8939303872788414, 11.126941715623822, 3.454403355558651, 9.28351847836484, 10.798456461185088, 6.290939852681754, 0.9885241481889518, -5.317690486328319, -14.839115742470144, -9.007774318419752, -1.2030962812921246, 16.636920443755102, -12.854911685477576, 3.5803766431224844, 1.3607277819870307, 8.603681377154365, 7.904885024097061, -12.572038436117833, -4.587654482947834, -14.174639243577912, -6.0643707594177565, -5.794058453780918, -7.777187589705431, -1.9473609829409853, 6.372068321254089, 7.243876604997026, 3.6361160445325567, 8.549254378515927, -16.09700197770404, -3.8044378255664806, -8.502801089454387, -1.6422513425760465, 6.81546824037924, 12.604326509511928, -3.42716888908702, -1.959959481829594, 10.14239236161465, 14.152270889348692, 7.219552173047135, -17.72140831607649, 6.935412207308576, -4.620724527045238, -19.20725837219783, -1.116966004964966, -7.264830731191815, -12.588016043290105, 9.953393578421002, -15.263859456013359, -14.881399432025633, 0.9451646907824945, 18.817789554153656, -0.6992135785001578, -6.143017383959807, -12.73930169815842];
                22 : [-1.4326626525170114, 4.811412363012134, -11.480714988755217, 2.607512140698324, 7.02952920944418, 11.43741830257502, -8.200364281218533, -2.0938376043001647, 6.90333375269855, -7.732177715296651, -4.526674380259255, -14.573500320202637, -1.3757157454748252, -7.547657327422148, -0.8626836479056296, -2.9045180602126424, -0.5829125719039535, 2.6236435654089734, -2.9338734107120907, 3.416624680745786, -5.511021281627529, -1.0526011771590051, 4.171276579542675, -6.89710998129102, 10.486275709333595, -0.8773829470815053, -8.690361576429972, -5.550318349411092, 1.1328896756177305, -14.755236023593824, 8.259987690308153, 1.7736161258223433, -1.5894553321230593, -14.036675077033815, -12.22203436939074, -7.22598817775193, -16.102892808849504, 3.7746099358424057, 38.2964414540001, 0.5642591218283951, -32.25660704343884, 16.74838093190779, -8.015798157817503, 5.35141588232407, -25.587366251839338, -2.3894676881909205, -2.2820215068490035, -3.0451999872857987, -5.847871088121366, 1.3199224484687562, -4.4330059545879745, 6.129123371893066, 6.236568200357351, 6.407930903873276, 4.885083198061488, 4.114532995617395, 4.338567746315405, -4.236410340505033, -0.4898756386008712, 4.158905283084043, 0.5238004130294356, -1.7851702943955727, -7.842767632020015, -8.755258837187364];
                23 : [16.502160083385558, 1.5766167615225322, -9.67191327129404, 2.2044480546780205, -2.653034441945745, 7.48821453597781, 4.14057820158977, -4.065232758349695, 11.331556134732958, -25.34025063714594, 0.45523232906838834, -0.5125429036546844, 3.2339499934004414, -6.525510116469276, -8.395491277421254, -0.41755182444598093, -8.739382228091467, 44.117641541283156, 1.6697658264344264, -4.069338085709282, 6.0876550590171, -4.46086396816001, 5.378491529029745, 3.035307217769113, -0.17659595301605782, 7.048456387329217, 0.1684754062739021, 1.2779691701049685, -1.7805866295100368, 0.7333988855974198, -0.5733204650667303, 1.794767953056288, 3.4221435955023987, 3.8658764906101877, -10.31767586265874, -4.027776329263748, 4.858375438686761, -6.146507221378178, 1.8964718329092125, -1.2575965878897342, -3.0839391250488366, -2.007020571244083, -2.308000687508468, 6.055027704607732, -10.298175311589697, 1.0758024537006579, -3.5348991647208807, 0.041537261994691994, -0.421241029321798, -12.411182783238017, 1.2169812909849886, 8.771331520646259, 0.40330901047271717, 6.5634140244531425, -10.875185619114541, 0.17884619066907512, 2.124157123645855, -8.043693819898436, -0.042833869488342086, 2.5110993675977795, 5.367669693111754, -0.42237215334980166, -13.651547734616347, -1.9670968046771231];
                24 : [-4.014067453436435, -0.3530218244605936, -0.3929451605041915, 2.7545197640344488, -18.959551303324496, -0.7193338622822281, -0.5677044573084951, 0.2941143066201498, 2.1592148537553024, -0.9538205581208417, -0.5288459871777377, -7.60005590307666, 3.2027165995234066, 1.4081433787801818, -5.583025190277409, 3.6444419003619095, 0.7900789632069941, 6.86500280173285, -4.121787683022535, -0.7187752445973372, -0.8855812284774314, 1.3117672595177976, -0.29326055761666664, -0.35532466205136093, 3.593324331891502, -9.605915559266041, 4.104437646831836, -5.50720880691646, 11.085144919852377, 7.765284011272613, 4.248129039300534, 3.603783946155439, 3.5050905997779056, 1.3637954527353364, 1.7746505319814807, 4.731055080751452, -5.562116434812052, -3.966278287571836, 3.4698987760465854, -5.645662468687562, -2.050013245669785, 2.2661292503512525, 9.050706590311517, 0.6993686463070351, -8.037275139250522, -1.588111983329036, 1.5640852202339264, 10.17418145873211, -8.814347016822776, 0.7015863779421232, -0.2642051052854392, 2.1747538362188963, -2.374521703789922, -2.3457281272696364, -0.7599673543911668, -13.218551931164406, -0.7948177559595291, -12.714832555736985, -2.437802029347509, -2.925770650150283, -0.7383675927381718, 1.3254819215635476, -16.844719577180204, -0.8968465195018116];
                25 : [1.6329120739585326, -4.37831434567883, -4.065357172263857, -1.176753615956698, -23.06703746066258, -7.1722538645094245, 2.6334408056853666, -2.6269803198228883, -5.053399047690844, -8.427247399411304, 7.462567419696962, 1.4996625251538416, 2.5048406393145433, -2.6027624918551404, -2.0222785405994306, 4.011515467486649, -1.715937442985717, 53.45022007627644, 1.9886233102925357, -0.8345273980165459, -1.7183604598007642, -0.9970157536364724, 0.029579083743172325, 3.871861669974306, -2.588627296781781, 0.7923230698893973, -7.8009374687720925, -2.7411147300602607, -2.054786005515157, -2.6228080074127167, -5.713113923048384, 1.6881451576667514, 0.8586053013313791, 2.755211024265788, -3.111060416175708, -3.2628279857760236, -1.1175136492269866, -13.760211194305331, -2.5632696784321167, 5.169763981554477, -2.2017221683595274, 2.175469466210972, 1.0455776734694433, -0.2885368112431226, -6.451188786366478, -5.865324212703145, -0.3761924968211787, -0.6330257483113837, -8.1006382321718, -1.1003150666947088, -0.3787527163142549, -0.15379735168367598, -5.835132219686711, 2.0112262378145296, -1.4898091943287939, -4.671058795960605, -2.3839443871385892, -3.717877186426035, -0.3277143054038326, -6.08146232308137, -2.8815969748687924, 1.8529732823460132, 1.0574287597400884, -7.421908029145734];
                26 : [-2.011663309395239, -14.070727319736369, 13.126008494695238, -0.23440296777392328, -12.0535073325657, 1.2024651421598036, 2.3151389757411014, -7.479660063410575, -5.837653324759394, 11.548370829349029, -9.242579450143435, -4.882178820045673, -6.972836483887772, -6.607623678806336, -7.521330393096697, -10.004332324561648, -9.72141972590502, -5.637583506336587, -4.97481779343178, 7.389877278325609, 0.22576617664385432, -20.632387946001092, 1.6194908577132268, -9.229592058187183, 6.461397869599785, -1.3682559186830903, 11.6987491332899, 3.019461146366544, -12.55881492067349, -3.036579292095353, -15.316363602200791, 1.1426187380691624, -10.160896842975843, 7.2981408773334575, 9.582845391893423, -9.361177933891506, 3.6906087904829556, 4.056875937063775, -3.684863286027466, -1.6218856153111691, -7.521289540054078, -2.8558350010688516, -14.76174373600242, -8.314488743955845, -3.5577552580093132, -5.732177878865992, 4.404301444449236, -12.311825633249418, 11.452401144058417, -8.476606317587356, 2.229724393468916, -16.59563503589506, 4.432326333774104, -17.382019527158445, -1.6006560408488553, 9.173928536467615, -13.856821577282192, -1.2276333270718416, -16.036450347572497, -0.4251742318705965, 5.497428005154523, -8.695971236289836, -6.692081773458613, 16.930804222186023];
                27 : [15.780928436760579, -2.5615848551225455, -2.3041278372650744, -3.7948783869688874, -3.2540391194251943, 24.888215366832043, -2.227029143204859, -3.7022152844168397, -3.1008553595120882, 7.977749291273264, -5.270189480438284, -4.45509973912347, -6.23545028069448, 7.3725820766462205, 8.432087672751251, 9.285565572560403, -2.6587408693041756, -0.18196142948181276, -7.944130791733871, 2.182446489979187, 6.032319038429039, -8.281281672121384, 0.35132110729743116, 0.43723781268716017, 1.3913697766460165, -6.175818359409455, -1.2758687846898396, -0.9681900905363265, 3.2374504165364564, -5.110589552221984, 5.569928640926454, -15.433252948264355, 0.37893783355648375, 12.053857938202082, -29.34686706406831, 0.8538010718562875, 2.4969145910922714, -2.622029980699894, -1.2947285976967928, -4.599645291628926, 0.8775731703986469, 5.714075926695085, -4.361458285744341, 9.481176461530232, -4.723881652667039, -3.4197144212657276, 0.8481759214670908, -0.5850380592382098, 17.893399887963003, 13.314095901851282, 1.9217608225470402, -2.058285796179861, 2.8080014892906213, 18.891192011049927, -2.1739932552181997, -2.235946180675295, -2.849293829385173, 1.0251601364962926, 28.999614395606198, 0.5199140394851713, -5.374530804731133, 0.5419768156545364, 5.2534204193605145, -2.006976951469027];
                28 : [-3.569117832842372, 1.1346212319473432, -4.5139870037181264, 0.9574320766897467, -34.968000695065925, 14.567909977751382, -9.149350255179007, -4.614674883226635, 21.486822149099876, -4.50888362466285, 10.690180874123714, -4.186195202380568, 1.4005331648689647, -8.418441813933782, 1.24248501146784, -2.872254410303749, 4.029844678893837, 2.7858784617853076, -0.3097655587045251, -0.7422067339215738, 1.398347766330538, -3.9656712251594923, 2.870775161771796, 6.226179150664457, 3.2413084279868385, 8.464377743352527, 1.006938317111135, -1.2266663880607234, -6.418231002550227, -7.213716345717392, -0.6583418121779474, 8.833786877457923, 3.066897004167855, 12.639705658128573, -10.420344899360211, 1.5994077760938081, -15.08865717113928, 1.0419266101442872, 40.298674287309964, 6.345763182684024, -7.5941048419777575, -8.27598326544179, -4.903517787903118, -0.9672524921295151, -14.0557777144644, 2.4044376357940345, -10.218790701431006, -2.2681270551424917, -3.6992483543984735, 7.475603579383955, 6.075009909382192, -1.5892654990848833, -1.939410450729744, 3.7097232748041375, -5.635628086022691, -6.515735199688573, -1.7758814839230896, -15.31023938027245, 4.438106441863927, -2.3997763935228393, -4.218344325396145, -4.803118319476022, -19.99166933285577, 0.7907338993909845];
                29 : [1.893385092042591, -1.8425017389751552, -0.9976737670668299, 2.9636162472187912, 0.3366505383813196, -5.490470467742145, -10.780398968501949, -13.881180470721404, 46.85009898525281, -1.5377284689559507, 5.302459560063862, -5.830337898317096, -0.4875132072209025, -0.7401447246613376, 1.8906960371462487, -1.0024976015890181, -2.429680307631917, -1.9105353829440994, 0.5070348933582735, -3.1576176815547274, -5.336946498267232, 1.1549282514995658, 0.08232085471263516, -0.9833189020687552, 0.5713009910251708, 0.29483412788297464, -60.48851822311311, 3.568951509800906, -9.34259656136024, -1.0391495794978731, 0.9599455932450601, -12.577567474650063, -1.9637525559958384, 3.9319589975345144, -3.0629450022498403, -2.358710240130998, -1.4699295936623498, -1.0566620715529538, 20.305694577691174, -2.3859039767818393, 6.107437129686487, -3.1919176594100227, 2.3015116362276276, -6.416044295028319, -0.9043044038739891, -0.022074861320371477, -3.498221937225726, 0.453146053569702, 1.2611467647249153, -4.366871493712545, -1.4051802746267978, -8.012547621647498, -5.266238048437468, 2.081266556653955, 0.3556027823178088, -0.031193389989124107, -1.4211096556629241, 0.3455231500972892, -5.7966227160394155, -0.5220688792890792, -6.615547488995869, -0.16603025396704438, -2.12670703222573, -0.807461544826503];
                30 : [30.805516652999327, 0.393083447402069, -1.1268434773404856, 2.946278994375136, 1.0091035766621785, -1.2263966288733035, -1.3261180634039527, -2.213129593854798, -0.5397262128349598, -3.2623914493768162, -1.411363622444962, 0.18166265515004, 2.017367149313951, 10.975974810558197, 12.702517902195112, -3.705922944866773, -1.7546812387711648, 2.2068228384552535, -7.500664798615071, -3.863154403256659, -3.589713528852017, -5.373000070129579, -0.43796018117390734, -0.7510045867553286, -5.886020477695608, -3.3137520123488047, 1.9702110306227365, -0.7403406252763427, -0.32017639285996025, -3.8678020127484016, 2.064053244064313, -16.817447737845498, 0.27000187925602703, -8.648780712339061, -7.680071027699472, 0.5896498293141054, 1.5369464076876782, -1.8615851709929965, -0.8934045622526553, -0.576304333723957, 0.3134910368444846, 7.544063888842932, 0.7466276866938389, 0.7977409620719622, -9.639274922775574, -1.9504281435726796, -1.8453590496870516, 2.3616944219440112, 5.7678688024323765, 21.850590133112874, 1.898504842352896, -0.47433890778022525, 2.7616899350248385, -0.35324005660538577, -1.80168811923277, -2.136342588764132, 0.7522299218467265, 0.4897269440772042, -30.713235015852973, -0.8788089526758983, 0.6927966992927217, 1.5735224716429164, -0.21024073233518878, -2.091920128868215];
                31 : [-5.161542115152945, 3.708956123969602, -11.864667198619502, -0.7758906869581348, -52.18422068970012, 3.9872771285181763, 3.2188678935313573, 3.3901897494799047, 6.509799163060203, 1.181232602292791, -2.4078830044745465, 3.601329051289202, -1.7928533991225981, -0.2976570909605928, -6.264447838565762, -0.9251701121081727, -2.6549545804523715, -0.6346477767038655, -2.1196597784024185, 2.7857774749673503, -0.7660855894803512, 0.6700158145780855, -2.3915859624499194, -0.2793933674191552, 1.7137782896006197, 0.7127966218663851, 28.13051952479767, 10.480436035121926, -5.87310571444345, -3.4405772038558147, -2.04073036746591, 2.6831043986058867, 3.8316490576075983, 3.7677952366846728, 0.651307446980496, -0.5607178199454941, -0.1884237745006345, 1.797569583921451, -2.2386633543528927, 2.7267510367569, -0.6634333941362349, -3.883001979113015, -0.725348524500793, 1.3052265249621378, -4.930253435812675, -3.367301016379995, -2.2361286120918065, 1.1434968967373884, -0.5074780627446553, -2.551813147263112, -2.400666720484083, 3.565781283906405, 2.620970615581896, -0.6615777034082395, -4.936810507645409, 1.702311150560453, -0.5800800024810279, -0.15219800753299423, -0.19283382541472155, 0.9571210070682808, -0.7861303702244423, -0.48272290971582216, 8.785863835896988, 0.1677714521910052];
            </weights>
            <biases>
                values : [-19.631865136535726, 8.548184481232502, -23.770787810062444, 0.8067043439450984, -20.132199182584056, -2.8232186497673766, -9.858459780347742, -13.92735176996511, -34.570645996463476, -59.40614738004204, -17.726095624082273, -26.16419156951594, -7.078888380778559, -4.9513671921674245, -14.54764613172937, 25.732299895949776, -9.714993436399029, -8.199164834605648, 1.735955785587688, -9.191358358073533, 19.715638527196948, -15.741820020634602, -15.392800573137759, -42.42290040373602, -14.388646478990747, -33.99408058936715, -7.369535807759549, -38.87722595440843, -20.15722360527036, -20.373576028633448, -17.822674203356733, -24.993183334264135];
            </biases>
        </2>
        <3>
            <weights>
                0 : [-1.880564825386052, -2.7102191453436304, -4.4578904269128365, -2.729878894982487, -7.169585935349987, -1.6254499743877993, -11.558035338694484, 3.868465721313338, -4.658780247916941, 3.4550861825278805, -8.032801861364325, -0.9426895910894516, -1.9960944222441142, -5.510045275253541, -4.560715124413562, 8.293319957816006, -6.4343693294189785, -3.2864489274826902, -5.479611324536368, -6.813069373064692, -2.245537036821759, -4.737615394932956, -2.513968270504842, 3.2609235714303537, -7.150130974056856, 10.86098601032141, -5.178145153725987, -6.383423178644326, -4.634277610057383, -7.552594361902968, -3.8980939003959962, 9.244375045493168];
                1 : [1.880564825391213, 2.7102191453448543, 4.457890426915354, 2.7298788949855934, 7.1695859353559195, 1.6254499743880169, 11.558035356135195, -3.8684657214201397, 4.658780247922062, -3.4550861825297616, 8.0328018613681, 0.942689591091712, 1.9960944222510282, 5.510045275257516, 4.5607151244162605, -8.293319957820005, 6.434369329414125, 3.2864489274875495, 5.479611324590983, 6.813069373071971, 2.2455370368247842, 4.737615394935299, 2.513968270506895, -3.260923571453225, 7.150130973922188, -10.860986010158863, 5.1781451537297745, 6.383423178649989, 4.634277610084148, 7.552594361910688, 3.8980939004089525, -9.244375045503487];
            </weights>
            <biases>
                values : [2.1023574597864405, -2.1023574597890025];
            </biases>
        </3>
    </Layers>
</Network>
