<Network>
    sizes : [35, 24, 12, 2];
    <Layers>
        <1>
            <weights>
                0 : [0.32807647851169547, -8.231996216830945, -24.488810330626603, 10.401057612492018, 8.37721174318345, 4.675222854731434, -36.787892000737195, 14.793582159833635, -22.466902954054017, -7.554914359281139, 8.642632128422974, 28.4729916202165, -14.030423140642823, 14.077823997897088, -7.775321635191295, 33.31948359256445, -38.01187251449947, 25.763820017524367, -27.874404832112198, 21.137735851827706, -41.212337461646484, -2.857129818825778, -37.85324221844118, 7.834917976444029, -8.016752426063, 5.453480357705609, -38.60738304818539, 3.0778608368781795, 21.20255017145892, -14.190212914877794, 1.2821661762197167, -8.38544758855125, -9.679185264504989, -45.84827172055117, -14.69196811331955];
                1 : [0.08604666327821314, -21.172484720976637, -34.97001244903569, 22.75684851564167, -9.855691284649517, -11.994121192046558, 6.801396114367074, -44.20868385789245, 9.492112610760804, -13.433013780103806, -10.788406078025263, -6.91452536849256, -11.55354726605494, 14.216198801346618, 26.68618396498159, -8.12507436738361, -24.220970362949178, -34.816655734244, 6.592446090244848, -8.799022257844845, 6.618736076493238, 10.733809086454366, 8.588444096153252, -16.17298599811569, -33.64602519427373, -28.189800966232845, -11.555177807776913, 17.021482154082097, -9.302956218151559, -25.277295297942732, 21.04909596803732, 11.967090355666386, 4.614770897008621, -15.23628241976313, 7.825391013221122];
                2 : [-0.12924152281807505, -23.15722809008137, -50.257512425701414, 2.8401598754303685, 10.538455581159065, -3.2732093244397515, -18.1748920714711, -5.293631799659424, -16.588452712602404, 26.121159676720676, 11.879176612170097, -3.2166839158928906, -7.992072137941336, 2.600900075238409, -19.086205240168056, -13.94555309248757, -10.201769970204968, -47.656946962268535, -7.665386840112012, 12.234847122969663, -9.410733047167401, -3.4137804330514028, 8.046437401817048, 2.8526162761656595, 20.745461949776683, -16.768085854123804, 14.312175564812154, 14.96062849967874, -19.199291007384456, -34.796241930083376, 5.811479175581712, -8.040268965350645, -20.001012375253055, -11.954599227367085, -26.51136622988442];
                3 : [-0.4299581940953175, -24.247249891804685, 27.306952450944458, -25.343998174772906, -7.215606643625224, -20.33171126258171, 6.431889925559206, -33.04462071009041, -21.385398194675137, 11.522267039013913, -16.7275347992354, -6.283870947329811, -12.754809057710519, -21.654267190147905, -2.6718428034619666, 6.1503474077819185, 1.133022634901054, -16.45359036497346, 31.214908540216914, 16.139141028217725, 7.572696648000794, 6.237621134087988, 0.5309906463819928, -3.9389340488865585, -61.9348501477706, 19.405194810987705, 30.301393789755576, -30.364004457737973, -12.84026037610505, -24.47244265194679, -20.292200554658326, -35.57427396318676, 4.5939285482986065, -4.613232461795804, -17.02490190741644];
                4 : [0.34442787563220684, -155.21736717432313, 1.7702456402846882, -2.787110177440223, 2.3359959948271354, -1.7067995321129215, 0.8701885211995148, 0.889825858218341, 1.2647205842071083, 0.6110162158456436, -0.5472752488421426, 0.6947126198130233, -2.221510026229224, -5.16482071444846, 0.4253183890286053, -2.1216776347555273, -0.6197114360988885, -0.31449771853878816, 1.1774081063357138, 2.0435295269951177, 1.916038743643399, 3.0263552637260855, 0.017477871326778263, -3.453274172807049, -1.447223590361864, -3.73621748272973, -0.0701627174878797, 2.267904129351888, 0.3848030689338207, 3.1627716019791934, 5.604100515943099, -7.596216618510139, 5.815080489787199, 4.340292120950595, 22.080317762504205];
                5 : [0.31522663501103354, -39.07748372288116, -4.262134129059373, -63.59607809780892, -39.98893268718127, 5.826190189032171, 7.848894452942368, 15.970780084810354, 13.745987125425358, -16.85344818427054, -17.841165603452787, -6.492608610489115, -16.733734629968275, -15.250435242476842, -13.784153307051568, 25.504461160472076, -8.334019769305723, -23.183398152372483, -9.79142134710637, -4.1109923324318665, -19.72591851024925, 11.86426381700182, -41.95300913612088, -1.9926924182954202, -10.900221678861918, 22.950870608329595, 51.721632264714096, 20.967363723332035, 19.88732814134992, 28.367709179512254, -1.4711545265555301, 2.5611618440098596, -18.046797551671315, -17.231654712565422, -38.520816474505196];
                6 : [-0.14350734841199378, -11.106384531194813, -2.4182665569474264, 1.3215580867663586, -0.6032254817859337, -14.500735113903229, -31.342199011589173, -35.72968505299377, -13.644095035057296, -12.43209017707653, -3.962188533540685, -46.44543086664365, -2.4760235892173146, -23.918249603428194, -28.38775267235952, -31.753725968359824, 16.07404038640376, -8.939089935945756, 4.187552390549216, -8.071798367447286, -32.474160916631625, -20.271863170787633, -13.210118426201053, -1.6270195967301022, 7.260579661754656, 20.52895490785325, 6.449823731970856, -0.42662853264334505, -15.027065199006495, 4.753406342240465, 35.8626747434447, 26.919982188849556, 38.70378411217091, 29.862667068702542, 42.12763038938736];
                7 : [-0.08409053963806239, -32.53337178842522, 17.98797870220403, -20.184924915687446, 26.596832995743995, -34.71884503597308, -5.8456125076720475, 10.71028745654159, 15.862993818210997, -21.494705954546443, 17.912208903132242, -15.1321161181474, -29.01612559398362, 5.975496411054313, -24.010371627273823, -13.106058525586914, -29.92489887798653, -10.714702824460916, 46.387336428226206, -24.004357523699344, 12.462019625182766, 1.7295069981612419, 1.2308954356820458, 10.300934953275751, -21.365310407599424, 5.009896203500917, -41.953793903680385, -15.398040152681526, -21.474319784440848, -3.7380781919988952, 19.87667868934847, -11.490967259038948, -19.020812291489154, -10.12623410488773, -39.587244821878286];
                8 : [-0.4684002138314934, -5.426506737351766, -24.816061642734184, -32.54264537896756, -7.5131606746783035, 9.521999052731754, -37.441492799493126, -0.7699178512264937, 15.017671037235072, -5.018785528454386, 6.094900669454023, 4.496238743120588, -0.8833620930455837, 40.188574205299666, -41.85157660117492, -5.19888052298588, -15.089686258574512, -0.4928995603336032, -7.023784984045952, 9.818721944855557, -8.942585345166405, -23.025031445794344, -27.496079051169254, 10.661465608576107, -17.158634610748166, 17.438559685208762, 19.75359687502956, -32.87950593884263, -6.6095533488303415, -9.518794494129088, 8.989281060910363, -16.681448917672068, -9.80099924247211, -3.3018430083638783, -15.745833301779186];
                9 : [0.10566766418874018, 16.933943643180132, 2.419265386795643, 1.3464043315682026, 4.9454474339094885, -11.075383990578562, -1.5562306765450473, -29.231026170570857, -18.793903346454094, -9.96319299762187, -53.69097014500645, -58.22298449131135, -2.42514817897346, 1.0333781233956727, -31.52285044315021, -23.514054380938145, -23.403803558105338, 1.6749564676408584, -6.276395937489986, -6.932722145085351, 25.930648067124682, 23.861614937884376, -0.060940845053385644, 11.05231266017551, -7.63277601296913, -31.522482687504894, -40.67927551946763, -4.945190931349415, 11.388466349351248, 31.7365540296934, 23.409183928025165, 2.0883713516085955, -10.127200079552201, -8.28947135259518, -14.035050089540087];
                10 : [0.27101241492427375, 26.437649636481638, -6.609643667232288, 5.165899665514512, -3.7817945013881578, 16.57535230472791, 11.71360733136436, 5.8525425101408395, 5.253723319742625, -4.467618723545804, 15.884232610103558, -4.532264978006094, 10.622094261263173, 5.05362163882388, -8.884343787527317, 11.50927811458752, -32.13934366503759, 6.414069663338799, -10.296104213230796, 0.7275861476997584, -23.059743719022862, -4.554499480612638, -17.01749752619114, 10.072912797925216, -6.724131875153664, -13.86768624687888, 13.962572142609416, -19.529841508476533, 1.6234300897365468, -10.777481140103795, -1.0422890044685116, -1.041949486483748, -14.47947317781706, -8.78454146131823, -4.647394517287223];
                11 : [0.2566851756224096, -55.2226083511574, -2.8071974649728553, -12.288797534339027, -5.39003082683537, 23.45888707702994, -7.135817948939926, 24.654471129754608, -7.225565560693876, 28.194219376030794, 0.13496513735387247, -17.72268747734873, 25.98152385736616, -22.15179734581589, 2.0696611765764645, -12.599669460866027, -6.6463456841954605, -1.598745376096854, -11.711976995574956, -13.885560383578671, -8.921411379469937, -26.99255079160699, -21.216316977414802, -4.868886913082062, -35.62688975292262, -27.45427976567193, -19.135191359450143, -8.546991869494395, -9.922626270027706, -14.558133269187644, -19.072528323497856, -12.812451581187185, -9.485680618163038, -24.694260349209056, -11.90832705799242];
                12 : [-0.209975070995643, 25.959666961046167, -4.5628720299306105, -61.76684099536389, 22.209499752723058, -1.258925417729681, 2.54389210737659, 37.5345614706877, 3.569682418101017, -5.966119989941475, -1.8569934067155363, 40.88681115617803, 19.109811111615958, 26.93827338848809, -6.919627552936047, 6.468100339950247, -5.922871748980983, 8.13450116908913, -2.849896134797659, -1.6314849980129065, -17.057660028744802, 4.430102168650076, -32.37357281010554, -8.656552117260258, -4.553172517743718, 22.18016687065186, 22.843366969216305, -11.216082221418135, -6.899297982309511, 40.853831490016304, 5.613169421823656, 2.230585292009926, 3.9121502707151623, 12.507837559613874, 20.17935067507948];
                13 : [0.16229855918160227, -6.893136926766873, 5.929005670640594, -12.382585211324379, -24.650052605403207, -25.32306692432602, -6.166649717020725, -33.132740218284496, -11.369688266500264, -1.6491639351173522, 19.954493355691724, -3.3917150605897017, -14.074687667214013, -9.814952988642366, 23.583669779123763, 20.734432048759793, -0.8184359055493461, 20.474588519573143, -17.91481943842314, 12.137394761856392, -10.276312446489452, 12.88746302395661, 35.45826016296602, -5.070335103386522, 2.003785120112545, -19.84928670342708, -0.3261107675548651, -4.9340783705067075, 18.948760820195357, -18.18148086647475, -0.06563453742203815, 13.597855413191072, 30.468066690023345, 1.114253277336709, 15.577326796342643];
                14 : [0.12288476510745613, -11.353589856405364, 42.89866688969863, 23.36007644994133, 9.02605186973298, 33.059882848842484, 35.14325855776525, 15.71116007723167, -5.503867300243352, 27.913175345012547, 31.22833991150198, 17.193086581430446, 29.04416390297278, 15.120853257092598, -22.602788031861177, 6.657142239494526, -18.49583070759785, -8.41204964399156, 10.609812681853487, -2.9449294519430405, 15.898928164303161, 13.194087747484438, 18.908218432069056, 15.961578854304642, 12.195367277530918, 32.66981797445871, 10.641534726815518, 37.83953023581518, 21.408228734406798, -9.485810341465346, 9.340812202377311, 33.75055623229741, 16.525291206672925, 16.762150135208916, 38.89189931306556];
                15 : [0.23382906306718484, -56.00861512077261, -122.2152025569464, -29.09759671308153, 3.0595030278830326, -10.913227964261354, -11.388863181970551, -21.080132492555503, -0.024704076306866142, -0.07929520823513071, 0.46218530302227806, -22.618489953039326, -2.142826260305737, 4.986062193199631, -31.311747724958224, -24.02489577896118, 8.275307605878314, -12.443045291088938, -12.48467734947797, -17.034738883564792, 11.752523255579733, 8.389794012518188, 0.7796338502160757, -12.97185301587713, -24.989386602814506, -11.564974139547573, -40.824889715234086, -55.02772423546221, -35.132291694377, -9.28370031890803, 3.7082234800810867, -53.036455493320254, -14.120797267828772, -28.17606429031025, -60.644254290824634];
                16 : [0.1498132976054695, -0.15295313177188485, -28.03285916396044, -10.601601476395334, -38.77698793969505, -2.8726964620157553, 29.61536658658922, 23.902506838896787, 17.51080406763463, -23.313542857667436, -18.1779290120965, -9.679209366814257, 7.373677606702687, 22.824204351719963, 20.229882773880277, -27.79263927031003, 29.080783839783972, -0.36102274640704113, 0.4803002727534735, -5.178288972864382, -4.983772824459074, -18.762300215019334, -18.690411321599775, -43.43871527861368, 35.09144946411327, -5.358967553933646, -31.107768313745517, 0.3892168105584529, 7.53721274788321, 13.065511338414705, -32.14387319799215, -3.0662971404101276, -8.042264416068033, -15.707016075271461, -21.40683715040145];
                17 : [-0.2790395551556702, 8.358340486572327, -21.893395028484903, 13.654007664344455, 0.3877275253251612, 6.778335007694532, -0.11637051706444836, 3.2112851446694806, -29.177039147555416, -15.095302412943209, -29.453236531445572, -49.759370679920146, -6.740181411277179, -12.030008348925234, -3.3741706028263603, -17.571215614175593, -40.74724717055702, -6.4783550436919, 22.14044886914396, -3.9282902292865463, -16.978924115229717, 5.993194075171822, 19.553134565022937, 10.830838935077503, -38.105013380566135, -11.372685400244384, -11.294984916233302, -40.20303746898869, 2.3133106143234627, -8.968936539043755, -23.435137083668078, -2.403496349390486, 9.996354952185039, -10.993588407835786, -26.01597454440991];
                18 : [0.06765407276138104, -27.549868258142794, -0.1872209587798105, -0.2921608954247233, -13.550910936579804, -24.735775297978833, 1.7253057726744863, 11.231511963830064, 25.85005927608017, -23.567491400777893, -37.62688021470731, -8.909228416034294, 3.7248129349732766, 10.66270187224542, 21.26744908503659, 32.94623348894713, -44.333558922694706, -8.504324920630193, -26.16696664884427, -1.684027958759659, -7.627518610488816, 6.625955974629641, 30.58159550656991, -14.206234205780849, 19.383645009137794, 15.5431079415512, -2.0926893500791683, -48.31516690493363, -28.25979901068841, -21.814703047026477, -10.004208825876498, -13.911837238383498, -37.308508595983646, 7.143174184520426, -18.116782593733703];
                19 : [-0.07154305552386908, -46.79851453368738, 20.839615879797613, 29.480382600875767, 4.130586790658974, -16.91021103173278, 17.803615853070152, -40.24604608517803, -11.278277127430714, -9.75709054338935, 11.254301667078954, 37.13315285641782, -16.571089154236716, -24.67338074144808, -30.057724032958948, -0.4267477415865657, -10.521252893792015, 1.1841445613558272, -11.98530650550854, -21.647811585345515, -7.986617495387526, -16.702009368695638, -18.582856787565888, -24.788216107415206, -14.419415046953244, -25.276887466203792, -9.846021759698042, -30.118989520873907, -35.02521998983006, -24.15908430754648, -27.63529230066139, -45.39222524394008, -5.645155291361757, 10.482026552477725, 1.1573444078988362];
                20 : [-0.11063230339868955, -28.24037498150972, -43.10987895180089, -4.132508545759965, -0.24750695531677977, -2.1577413373573826, 19.865972115239607, -15.697505747101195, -46.140675960762, 2.357312151112998, 23.92092929500223, 32.37022217895044, 0.7661554338287713, -0.765092017379814, 28.8324325316537, 8.900016370140325, 15.00416286254514, -10.064825227694412, 4.411223370147411, -15.23401435829724, 3.6648610541362863, 15.60174939846686, -17.713472320927266, -41.10739611592521, -1.943906169366435, 21.132780233432786, -21.657324113005224, -41.06060439712755, -8.601793177834033, -42.33316274509249, 1.5203041546203204, 13.627289770496642, 6.4651433036399, -6.322719441763097, -7.238125655523772];
                21 : [-0.09967246658707343, 122.56442843912839, 4.347878485610516, -1.650761308853373, 2.862131266969899, -9.758515001817036, -1.1968449568416895, -6.73816048775418, -3.142056868118394, -7.55045205960841, 0.20058418844294076, -3.5559052904126704, -4.241132866671303, 2.36793410921214, -1.5903327373981664, 1.8390805430793644, 4.820339067053475, 7.86488316831281, 5.834388724447774, 2.784729931333637, 6.170843849344628, 0.26148091518650524, 1.4723963775844289, -5.01481610693558, 6.446499897556146, 2.4606962212193157, 10.492161032033925, 2.006121925707226, 6.2837757761971575, -1.9772187444338396, 3.7539388644033727, 10.641524044895133, 2.0047565162181424, -4.62191331790517, 30.27173442870142];
                22 : [-0.438908997083686, -21.558423025494154, 12.500918591031802, -8.078291626049193, -13.97257735085325, -14.781890882425252, -19.42394324254694, -47.43097247565523, -65.52167153396691, -19.92152346813806, -46.25837956505805, -11.960361551747463, -16.209479333071677, -9.646258416465065, -16.200895850961558, -3.1970993233619445, -5.440735146854529, -27.509741112399237, -34.446772837533665, -11.648302418761283, 3.324310830885368, -16.694951685268965, -5.922207219860923, 3.5437548874041616, -9.22854484824118, 13.045858586896015, 5.816606410678224, 7.796242355338195, 13.761756534099463, 2.9875632949577993, 5.8966745597624115, 24.034545153245535, 15.104834510432335, 64.622307196017, 15.882880600856373];
                23 : [-0.11848099410310228, -6.7255243636471915, 7.012711104161768, -13.96324875032233, 8.005707312124791, -26.264490959669303, -14.429291911495685, 24.542016701015385, 1.87129166966427, -8.981256855468576, 21.140309370639628, -2.312517045036157, -40.394208134985035, -23.112168958190566, 11.348774313281757, -37.968024339036624, -6.36169160263542, -2.6559948328513605, -7.7298020323920245, 4.722313858622689, 7.213323670108477, -28.169485373666973, 15.08061679235112, -1.3935522860201803, -14.496619327708485, 0.15630883491846154, 21.430902829939207, 14.625266347144851, -16.030390504024535, -2.6908450099262797, 5.394996604883353, -10.383462623017877, -3.8781322434789844, -1.927768672347588, -14.603542629276447];
            </weights>
            <biases>
                values : [-11.858260181611003, -0.5202139419841981, -8.719954224013986, -13.614660585693064, 44.28456624037598, -7.601706901116295, 7.506121730288101, -3.577195271043614, 3.015906103663269, 7.239944567999223, -24.116319030518735, 0.41776069516677383, -37.92579455047586, -16.065691392515888, -33.05312374898668, 27.535504014569273, -20.062908009224465, -0.2652456789376072, -12.702962716109415, 8.08274760439674, -20.113586078573018, -52.86285481203326, 5.757821155235953, -8.050751664679217];
            </biases>
        </1>
        <2>
            <weights>
                0 : [6.40825530444093, 11.230770752464103, 8.46395479904272, -7.148938250990106, 0.13499396175856773, 77.66836741107701, -0.015850269082084423, 14.548839258017402, -8.905533381736245, -11.294984197702446, -6.190910410918872, -2.2121231706916786, -6.396272138800176, -16.280201309287232, 34.51279840571754, 14.335222896483478, -7.8616534493801105, 19.263560534992124, -8.228183688985364, -14.148156861494376, -43.507079416957154, -21.129000746049073, -11.227738892241428, -34.69330655061241];
                1 : [1.374019119380503, -51.0914881132879, -3.0301470555059273, -55.23515124345689, 34.03358338360894, -2.312735871302969, 62.12857026092803, -3.6339345169771393, 9.079325038074327, 5.705569675659377, -45.383751330989384, 6.544615992401281, -25.611268327753336, 0.06850242509118068, -0.05904478306924704, -64.77458689039365, 10.101704672331408, -10.024629031405409, -3.2893401754834315, 4.841094018280967, 1.3613250889908148, -18.04417294692085, -50.02660804999407, -10.362675023937378];
                2 : [-15.813568945759206, -1.779190350803981, -15.147003954856979, -1.9974443221580733, -15.201933205866231, -4.30002358259545, 0.35758976929052616, -14.74046056417058, -29.688146925302327, 6.282729991036941, 30.961228853878712, 14.953284076810062, -2.3753256478726215, -4.344717614596017, -29.563891797341547, 18.879310919399266, -6.2097567007356425, -6.936492012659912, 5.6943169879963556, -11.473155135040367, 29.456409655302597, 32.856880769967894, -2.549177652488254, -12.367311869156444];
                3 : [8.823925465471595, -14.77666021754678, 6.330561532402843, -15.62114378555281, 7.091999642813732, 18.292108012799655, 9.539939496025422, -37.60533278549558, 13.00401685734516, -18.977917096820637, 16.69054367426918, 11.22827503014576, -32.21060887168775, -47.1675836041658, -13.749440360561124, -6.392403757505669, 21.242722468251596, -15.518438754643473, 15.121385136917713, 0.5765512090244189, 5.152321863726394, 21.174689708979628, -5.60173058949559, 17.610778644822858];
                4 : [-24.40745951137603, 15.264753871670532, -35.20050019037709, -36.88401871051626, 34.71485608871534, -9.260299305606171, 40.07066635139512, -22.65152839851256, -10.889276326860687, -15.755193010207819, 14.144340541053843, -24.11560095743506, 29.915722404732715, 38.07663439217366, 18.97625097011729, -31.690076519683995, -12.633805146505823, -10.358228187192099, -46.11859561770951, -39.27961264511556, -25.867799220074847, 38.059167073584696, 63.671007870230746, -7.336566934366875];
                5 : [25.772041417710405, 16.210076163848605, 22.40592710080944, -6.817634856025888, -29.529972964132337, 4.70109282198305, -0.04837648393330521, 18.685439557105166, -12.13544992804303, -4.901553292424717, 1.818363244821824, -10.742095397222833, 9.878343271207163, 19.158012112712388, -29.792467987773804, -1.1754695951332716, 9.182594958947353, 29.15668127346185, -1.9550454189575226, -12.554260041708103, 34.084368542194696, -29.97744872810789, 1.0281910487838115, 34.31594114528278];
                6 : [39.31273447632959, 35.554711863677994, -9.973585663509906, 4.126085513168679, -21.306003181289594, -19.78172353055991, -26.6380994379082, 3.3774744151220113, -23.00869729831329, -25.02545597644738, -11.725512134103099, 13.032170636036955, -27.492906208171824, 10.640812254994424, -37.37121949148917, 71.39198617819319, -20.429883116709714, -6.5977747203154635, -3.8774645024363514, 19.06871588796172, -3.402793739956642, -18.96947673955759, 9.155303365698103, 3.5572638742638465];
                7 : [-16.27922380122636, -16.096632648526075, 29.613489998692696, 26.122182108720263, -41.363680020137615, -30.51766441263094, -21.331144040659957, -21.71651654151553, -8.335650953235008, -2.6657180490907137, 21.702290162494034, -32.35580560808931, 6.205550824003185, -10.752723656184969, -3.3175398169472916, -12.030920201339411, -34.35561605211015, -12.999715364629678, 11.42495922067586, 15.8678978436137, 12.715087177428979, 10.28860646414557, -2.0650129690021957, -10.751317839632325];
                8 : [1.2078400218968688, 1.10714739908709, -3.0443530365740163, -14.38240163600035, -4.172385922183824, -6.392186691457038, 16.84132085424925, -14.245995221417301, -16.99901592465944, 18.67077075946047, 10.174284997119308, -4.682633486894948, -3.832470770863202, -5.119868508234452, -4.367159127758957, -11.978339869045277, -5.133570358615782, 10.29212697585256, 15.624306954035907, -19.080480243659192, 2.0887115829151823, 21.233572125960233, -6.582179170504023, -16.49477936100022];
                9 : [-28.25914279814882, -3.3112749590388844, 3.2645326466224467, 10.189682427667767, -40.56295150478587, -51.413928690231174, 0.3320522112764702, 16.78505079513393, -7.073152102286105, 11.906062888354048, -0.28052209262913896, 34.41088192537657, 6.532552716975681, 30.111024714643158, 7.3808990384229975, -22.208816643807143, 14.04165176005454, -28.426078649324914, 23.35937818673188, 9.71337163917878, -26.85149617036322, -57.3054844374768, -11.343059269184185, -10.86393672061692];
                10 : [0.7102309635447123, -11.119437018192315, -27.135655843586143, -3.956619202143035, -24.867060939464437, 0.04213601542126032, 2.350366593985475, -17.330123541981933, 28.762425607969796, 18.630097947726387, 34.47870189032883, 21.242041433750188, 13.106841817562323, -2.5565874654318193, 21.425222731172227, 15.495806282439439, 26.722919881818502, 18.29719543321327, -16.107432661853387, -7.861483436459758, 25.11116616398958, -12.061748987835173, -5.837077891538723, 3.830005306778828];
                11 : [-10.238121087186833, -16.224381512310313, 28.342034013550077, 5.645922000586216, -32.3974644648226, -13.293098459555402, 19.083492114363228, -4.341386869567668, 14.726717139462977, 17.657665193668606, 16.077279702580313, 7.288407343284543, 0.9091472488163169, 4.397085094826601, -25.59484061746352, 6.24750999776766, 22.30931630290096, -37.17307465442867, 35.23109517190697, 2.4276258810746114, 12.07678951073374, -51.233757454010906, -1.9010091449541509, -29.624407598106018];
            </weights>
            <biases>
                values : [-45.076865689529384, -40.15798087112887, -32.30383263156871, -35.11060641568209, -20.253396865675946, -13.320974292199448, -25.22781077356499, 19.200112373522078, -30.15500943511548, -5.786832255376271, -54.834240233666435, -5.74304367527162];
            </biases>
        </2>
        <3>
            <weights>
                0 : [6.39254244474367, 10.89486843589971, 18.726142113166777, -6.371554414923362, -11.171421127450174, 10.838487501510897, 3.800654818655726, 5.756476123908884, -12.903010957511077, 9.9072203335986, 4.741757141030468, 7.120879322428062];
                1 : [-6.392542444743671, -10.894868435899715, -18.726142113166777, 6.371554414923365, 11.171421127450177, -10.838487501510903, -3.8006548186557265, -5.756476123908887, 12.903010957511068, -9.907220333598604, -4.741757141030473, -7.120879322428066];
            </weights>
            <biases>
                values : [-2.2476805532377853, 2.2476805532377853];
            </biases>
        </3>
    </Layers>
</Network>
