<Network>
    sizes : [19, 10, 2];
    <Layers>
        <1>
            <weights>
                0 : [-0.21993347062282442, 0.2727282563281478, -0.44554856215390415, -0.18268054804067035, -0.14938184542997401, 0.38356988515336576, -0.13626850022360726, 0.2478505282242376, 0.20476170259560067, 0.45880031884744166, -0.1539826844274702, -0.49940312023404443, -0.33504816694294437, -0.04979319737783772, 0.28795856019686206, -0.30410584536493157, -0.46958616638921713, -0.24725603290327525, 0.2261826993602123];
                1 : [-0.21049187949875559, -0.49163283884185827, -0.4142146599885119, -0.2952404057206188, 0.008142866281580785, -0.2838309909489781, 0.13962003028009073, 0.31135205168158875, -0.3529630998018163, 0.03327582338169244, 0.2389984590962917, 0.16087219830622668, -0.2687393367928911, -0.11560315538093624, -0.287300711958298, 0.1805785257880025, -0.004261499815680803, -0.1329968267212096, 0.07147730848884037];
                2 : [-0.03665885353705067, -0.36148592736743335, 0.42840873581734307, -0.3639991028383788, -0.11150646517356477, 0.13161340733983518, 0.295489556456613, -0.15079862093287455, 0.2782421519946887, -0.15976865850985567, -0.0045038617341177645, 0.03391284569698938, -0.2252762611143576, -0.24908452497022937, 0.06470301301561754, 0.45533729052373284, 0.17167602513995606, 0.34133572917955, -0.28562488380370143];
                3 : [0.2874981755667835, -0.14685501208188656, 0.06987346249816417, -0.08372254433630111, -0.1909007279497349, 0.058038729985168125, -0.1681657568661401, -0.15839972567753546, -0.12729266395862937, 0.32145851622081223, 0.2732233015397152, 0.03865847657363852, 0.02455176235717349, 0.05937332875652812, 0.1967376477912326, 0.4204162438049778, 0.18737779589973613, -0.45426371633752516, 0.4854464324636296];
                4 : [0.08593571711591508, -0.1530022500253141, 0.3808121038154332, -0.002278682291458334, -0.13293626548589121, -0.009674638146440762, 0.485532110781847, 0.1991302756701102, 0.44355317792300364, 0.1460252780454686, -0.16194864709290635, 0.48939975642191347, -0.29003211204043833, 0.11265931106103788, -0.16366385763025249, 0.13593749411737877, -0.31789561956223333, 0.24831724605517325, -0.1456577444390963];
                5 : [-0.4831763153479274, -0.25846487390205153, -0.43299129100199085, 0.35057144660486483, -0.03777021940833214, -0.05554301897276248, -0.033147645014812266, -0.1535171833037341, -0.2852706006318263, -0.31249697890363504, -0.10894526887366673, -0.07393569272695344, -0.13194022979204167, 0.45486698077765797, 0.257276763097806, 0.45039664317278527, 0.3559265753205343, -0.3412053641654357, -0.4869106794783692];
                6 : [-0.24842525430048912, 0.3818640747275327, -0.20078587247308066, -0.2602212819767378, 0.46111144625092093, 0.4537015877452204, -0.43039558381586007, -0.139069287348228, 0.09365232632162568, 0.21776901849711328, 0.4641801417737451, 0.3101922703471126, -0.318173467412885, -0.23581279164479185, 0.3895526758298482, -0.19577908283404588, 0.05869857586401528, -0.05710513973337039, 0.12591986886805884];
                7 : [0.40708936706965915, -0.3641846739087725, 0.00437721756591769, -0.19255597242363953, -0.3764656169220775, 0.36359381977990224, -0.0875352705976874, 0.45986514460262384, 0.3110551235079705, 0.4065131005619784, -0.05937094606454607, 0.2869956014145627, -0.3813330373154754, -0.4943278541222147, -0.09606695222002892, -0.03681611565710097, 0.2556196493993158, 0.18222498321285008, -0.1706059924071931];
                8 : [0.35401788821626357, 0.38696561899660364, -0.12368365916292168, -0.43798869738435353, 0.32039216508359314, -0.24379140025304447, -0.4570205954313876, 0.28703771697761604, -0.2700638153337682, 0.052807591895574935, -0.23969215039962388, 0.11066493649907805, 0.3093833877273907, -0.23481453606307467, 0.4968097901628523, -0.16964342389184717, -0.032623880511037706, 0.04993959976005857, -0.10385235129442605];
                9 : [-0.1322728322587583, -0.4375102811728927, 0.1264069459169137, 0.4424174463395447, -0.31849327859282717, 0.43646606246917796, 0.11898508304751332, 0.3638025478799637, -0.47274680851679507, 0.18529230335849678, -0.3288310281309559, 0.2980469531069374, -0.0790393503115624, -0.19027798559800713, 0.0581535442830895, -0.3792513051313501, -0.4301635326489125, 0.02492068223145938, 0.2028244624779293];
            </weights>
            <biases>
                values : [0.0, 0.0, 0.0, 0.0, 0.0, 0.0, 0.0, 0.0, 0.0, 0.0];
            </biases>
        </1>
        <2>
            <weights>
                0 : [0.1555437253954428, 0.2293484641621103, 0.17491139624378693, 0.3944935315697663, 0.4105425260467558, -0.13007887204471302, -0.25328032966644276, 0.003321971043148686, -0.39974676598421155, -0.4225442110932106];
                1 : [-0.03998547203276204, -0.3512482285529135, -0.05621874626794521, -0.25226043981293467, -0.4493140081956817, 0.04745505204391376, -0.4492445884250479, -0.32493127847183534, 0.18025377698578027, 0.3730686283753578];
            </weights>
            <biases>
                values : [0.0, 0.0];
            </biases>
        </2>
    </Layers>
</Network>
