<Network>
    sizes : [19, 10, 2];
    <Layers>
        <1>
            <weights>
                0 : [-0.2282065673161177, -1.491823912316756, -1.0123751315205867, -1.4096827949444115, -3.053633619632985, -1.5446199080914753, 0.02424140758591937, -1.124018373384235, -2.0593606509947016, -0.11192056045974137, 0.04308176738575218, -0.5251959869285042, -2.9879332718092453, -0.3063626075520513, -0.7360784789098912, -0.5894849350346005, -0.2242857226090609, 0.013900810367730422, -0.25490837883144096];
                1 : [-0.10710804402258632, -0.6271505259990243, -0.027034174992487225, -0.37502021893033294, -2.6574928350387523, -0.6245118637643859, -0.00994070618134091, 0.05249161830407009, -0.6332941263616985, -0.38125585388164995, -0.6122881463915958, 0.028957376390181748, -0.30074316841353416, -0.14357695636902532, -0.41959965665268767, -0.22666215822471866, -0.270590240416777, -0.3797394998780611, -0.17676413159437823];
                2 : [-0.5900447858570778, -0.1621329167070262, -0.5632192074609266, -0.40320404141448124, -0.5122921952398002, -0.14546499266178733, -0.3238338979246883, -6.01104952003229E-5, -0.17699176503926356, -0.5992592268031043, -0.5593227942021206, -0.6348870297066965, -0.49580350291327463, -0.27769127342110195, -0.05888226413623643, -0.5991472379721589, -0.42746196440055323, 0.05135367012250281, -0.47786759724302647];
                3 : [-6.263564792826421, -6.823420412177289, -5.992738419803525, -4.802146697796108, -3.8213291548026658, -2.904950514460876, -2.9398293686683004, -2.8891353481423816, -2.81013491618587, -2.746456880712998, -2.5692552988571493, -2.3076551307455526, -2.139037295775863, -1.2141929303859214, -1.3173706853771137, -2.3286888524658362, -1.8470667504010339, -1.4695286801936394, -1.2223536453908432];
                4 : [-0.5876815312505013, -0.4057672212673642, -1.045299071316243, -0.3391092726164839, -0.5204686393403855, -0.8449612050662205, -0.11701715763670188, -1.0271450784321843, -1.1303118936969283, -0.5175338143800717, -0.6673690039265993, -0.5246270428147304, -0.28661875937120257, -0.5628105834798135, -0.3766421462226475, -0.023766753527822673, -1.115887283656698, -0.060236899107361526, -0.3491737694271121];
                5 : [-0.5775075844616828, -2.8732180311334456, -1.2828139403069136, -4.768776791249607, -2.2880792298429973, -6.021381818009741, -1.9887084044996186, -0.1762358741139426, -1.0559240620566315, -6.666697061674098, -4.0924183367398985, -4.628623130071063, -2.9909010807589667, -12.801734838143812, 2.5861754029553654, -6.404983191242769, -3.863618870853132, -7.958559833425092, -3.216065718587487];
                6 : [0.43752829963618944, 4.562691614130232, 7.41765416806562, 2.1616415075506983, 2.764886454884616, 2.2781743287659943, 2.773748790910811, 1.647691428771031, -0.28276031564152593, -0.6436662865946942, -0.4267930266382109, 1.2455595802561494, 6.089890143588294, 0.36493123621860024, -0.055428373151940644, 0.11934329891571288, 1.6822078900322968, 1.4130324135666412, 0.5453870674892093];
                7 : [0.6123374038242334, 0.13962681504851163, 0.37802211094575583, 0.6191938403867192, 0.7008608497143733, 0.33321882120752566, 2.6710054111867554, 0.09798949933253788, 0.16369591673166403, 0.06814298203238754, -0.0456473713018659, 0.3260511700747434, 0.14813477138449102, 0.6405544050635258, 0.2316000560712193, 0.3315556726837079, 0.2745597531127672, 0.28149214893545205, 0.7801832440022842];
                8 : [0.3488344189859945, -3.330564481724118, -8.375472967135966, -3.746333104981706, -5.558775513879365, 1.0998349998000763, -2.0705940321873726, -1.0523184179866236, -2.758732387648308, -1.431282212219361, -2.015003992352366, 1.8787245612484595, 0.5670030169213196, -1.9128082246632165, 1.725079381066606, -1.8510010895871372, 0.05691903387953941, -1.209739926412861, -1.568862682457071];
                9 : [0.01869390429250306, -18.313450254051894, -13.35190482928169, -54.13797766949492, 4.824091792322762, 14.808680464650374, 12.077326468081985, -26.51733546871098, -15.486315221702062, 11.106538267828318, -1.9807219453334293, -20.104718558761977, 18.106236008928875, 3.212326401643079, -24.12295607887593, 32.843460065916716, 0.12360137127188911, -41.186029915614746, 0.1731232906952991];
            </weights>
            <biases>
                values : [-14.33495059587812, -14.132986489338345, -14.091288170044502, -5.772651641663846, -15.20125253404409, -14.470968816367872, 14.175312603027464, 14.089880131252647, 13.750317772234617, 14.807766022470101];
            </biases>
        </1>
        <2>
            <weights>
                0 : [-0.007069912787510166, -0.37021800219798906, -0.1068465623474781, -0.338459827712722, -0.03619445226740759, -0.10523950574550915, -0.2738880386824345, 1.0767796496035573, -0.2936426106318993, 0.07634377617574685];
                1 : [-0.3636732978747844, 0.2918003712497965, 0.15260571278442292, -0.010098455939697937, -0.06877082005626521, 0.1916270547586158, 0.27388803867440925, -0.22096556379630083, 0.293642610599291, -0.07634377627376707];
            </weights>
            <biases>
                values : [-0.8619498338914728, 0.00613574810092396];
            </biases>
        </2>
    </Layers>
</Network>
