<Network>
    sizes : [22, 16, 8, 2];
    <Layers>
        <1>
            <weights>
                0 : [-0.4103760509903047, 2.292529938678162, 0.043968518790647726, -0.10140276084813231, 0.377576258662361, -77.32178596878857, -155.79897326878577, -194.49425511971546, -114.03263488473665, -91.50530138097069, -70.86590278786144, -39.84815899565207, -12.495956717795954, -6.075686106977212, -3.3451101067672977, -4.1976388039019366, -1.120572090197113, 6.603364517562395, 0.1326364167981526, -3.532848470498787, -4.224825999634121, 2.393496882026268];
                1 : [0.44398125225063917, -107.47974877407108, 0.7158881537781157, -0.19872396819783303, 0.02381836968018155, -0.3604475057376708, -0.07112538211263286, 0.26002536965913275, 0.09470673409922746, -0.08480575400730699, -0.44917706314121614, 99.5951179814933, 120.45495508271725, 61.28334861150448, 48.95545036869091, 19.322341182680656, 14.967928164834987, 22.644035863227966, -3.0838919476305877, 5.984441131408677, 8.639621218534261, -4.239458278027147];
                2 : [-0.20785029165437577, 1.2576994541388014, 0.8807523495901696, -0.05165928456380609, -134.06612612906522, -0.32953541227318656, 1.268167326215291, 0.4926706346249289, 0.2598501855491593, 0.1767396660083059, -0.20985684575376617, 2.923474005537111, 4.4607634869262345, 10.709430064419243, -6.792514122817823, 1.7818242626876375, -1.171502523875095, 3.109409531846497, -6.089356593059162, 12.410499741122385, -5.389432298711459, -12.273387418015764];
                3 : [-0.044281226114646174, -8.206158726152681, -61.87845680761978, -21.953692754795597, -1.9979924472746937, -13.53292621959642, 5.108860954976448, -14.385132470881745, -3.1865521559193364, 0.3585124379197662, 0.6696275117980509, -1.8137662538957948, 2.5534793466629764, -7.173238456168013, 3.516258797169685, -1.0368845672258082, 13.74024397649153, 6.172385629682987, 5.166687724104214, 15.9034142537565, 3.8650988559786508, 4.271758107382923];
                4 : [-0.2516365325602185, -1.8019152197265667, 131.91353235433962, -0.6625589511826239, -0.5378074381179326, -0.25348895984441017, -0.0575879987515691, -0.13995196221234044, 0.2914026909454138, -0.4020527995670423, -0.10099959571387061, -0.9859707966269273, 0.1530236023727689, -0.5842162574141494, 0.3938603001236985, -1.2915130832888275, 2.18377491690064, -1.2559334348257636, -0.19406514907240807, 0.485231875844783, -11.254828447851024, -3.591903532706545];
                5 : [0.06094745856181479, 14.420024689434792, -256.8022348326384, 0.3411483534662259, 0.7509426532208415, 0.3384855920974741, 0.6367866100462812, -0.048293330945888675, 0.13329061414108279, -0.3498234871508298, -0.37075208119840436, 0.019742556601094217, 0.16204777450828262, 0.36205537281198913, 0.37244178252611926, -0.4233801089235511, 0.5842282764699135, -0.00838570201517146, -0.9334638197049417, -2.0087982044318955, -0.023086846913461405, -4.078888533420091];
                6 : [-0.10362957144755304, -11.252183239325786, 3.898904025260414, 0.7437480434646844, 16.50925482968148, 2.1097447266064564, -13.880265303287779, 0.930429148091594, -7.550481863079534, 2.662109376935405, -0.6051438358587482, 3.745395444194706, 2.495928369072888, -5.2529585291656335, -7.984184974302797, 4.602096999963217, -5.57726593204434, 7.595687477552254, -2.6990111379862713, 1.3056388272254185, -2.2493329785313967, 1.1393451268435406];
                7 : [0.14554789471000115, 79.87609924436462, -0.497944584042908, 0.2910190463377054, -0.009816134837578112, 0.20226497026456064, 0.025523789790570885, -0.024011195340799703, 0.5226786469746876, 0.023402984283505415, 0.6760827456242756, -0.6153347610768493, -1.4477196868065998, -0.17286095212365252, -0.12865222883278057, -3.442081810697128, -1.0170782205329667, -0.6567730332817757, 0.45224288836634324, -0.9477747605476013, -0.999635311340336, 1.3598359846042172];
                8 : [-0.36737773056366807, -1.3820720947392724, 0.32288912002373715, 0.16593722942496456, -0.50036234843217, -113.73478776970988, -83.04325973131252, -3.0356884256988175, 0.5113875832269674, 1.1755553184306928, -1.041570541043924, 1.2663492909988487, 3.8892860963007005, -3.4382410248691366, 22.890625316642602, 6.293582436288216, 4.834314888040671, -21.763967758853653, -19.645412415524934, -12.059098364270252, -12.662404486661218, -8.748171120747653];
                9 : [-0.41364122852825813, -0.03184069282900207, 0.11394317267260166, 0.15937102270988465, 0.36591287194557015, -0.08859645883787755, 1.2191619598160177, 1.4751073454535875, 198.88706641771168, 183.09830598890372, 121.7385573345876, 105.84493308165082, 58.37860503117487, 6.2907887904372, 3.5991753000260114, -9.66285195388893, 11.39908538038724, -0.6040241518435778, 7.546659979527267, 4.083865186448167, 6.160023478656689, -3.7436089317611723];
                10 : [0.24678408316367156, -1.1020860015539558, -84.04475928095069, -0.43374619624970734, -1.1347721930651464, -1.010229036127407, -4.1721427575787216, -0.2308346466301849, -1.2907915105474452, -1.408782803430828, -0.718338291510541, 0.4855818357139502, 0.8759903159936846, 0.05690303361898556, 2.7538267704703374, 1.9566136057882717, -2.334716691133174, 1.2491239864106618, 0.8447949212672975, 1.0770936215911318, -2.4498025469757856, -3.5049621816117997];
                11 : [0.10038465137394265, -18.169642948051933, -1.30337005606328, 4.795038086479786, -3.9187594576034885, 3.1022857629567007, -0.8406051686309642, 1.3164552894061017, 1.3970952087492106, 2.6859174249581956, 3.0631411481219617, -22.28309322069783, -1.150389115132005, 4.450248202263984, -3.5018395466679397, 4.773644982042058, -2.4255902948159442, -12.87445448997958, -1.0476498180257863, 8.798183906136925, -8.47631942902465, -6.882693224265923];
                12 : [-0.3955040565633854, -6.68163408790527, -0.5561372035908182, -132.75121971482477, 0.25352982255614903, 0.31361241334107154, -0.6675646638543622, 0.3703229376201567, 0.1339074202017611, -0.3125999145572931, 0.6282362516244442, 0.2623068785738144, 0.4393726266521734, 1.0448292626340596, -0.8737924366020157, 1.5666095486812779, -3.208435260894428, -9.33456922055985, 1.765143608234462, -7.042342723497446, 1.5300715536446798, 2.5747681829776377];
                13 : [-0.258412061764703, 167.0558062656043, -0.24087834378044445, 0.6733386941272276, 0.004093017195597538, -0.28038422524900636, 0.14963483341140602, 0.08886639906383349, -0.17496326733295986, -0.24880458278998668, -0.21751962681392642, -0.0803841754338574, -0.10294378588370395, -0.027631860930280236, -0.3398816620477663, -0.16461225869004664, 0.18125625162806944, -0.05159120995716711, 0.36540050198421553, 0.46458442992248317, -0.16245743856958098, 0.03805843388104941];
                14 : [-0.13264813574469442, -1.06429194627716, 0.2455777450007585, 0.04909789892108971, 0.5157223461068314, 0.11672699291660879, 3.970949889588726, 2.799316556873089, -83.14106155202714, -85.34751137968415, -112.56796789095885, -64.19787547198565, -34.06222515081975, -15.008762367889268, -13.47726563002599, -7.685587567675118, -5.663874097587803, -6.340030387528387, -0.9811054008091765, -1.5381497514298754, -0.8469302447432929, 1.7750500000293454];
                15 : [0.4139617709139559, -175.4882990700134, -0.06355051031388151, -0.27876225556049855, 0.2944976549929428, 0.5792170195456767, 0.4797519748823495, 0.620619284493378, 0.3104470325911377, -0.285195046924464, 1.1704886845392175, -0.013632635433381135, 0.2172865338377427, 0.10989642588328406, 0.28263223649194263, 1.2396103506908913, 0.28963429644865446, -0.1440796913458047, 1.58397954119191, 1.0725746345264537, -0.043771039475510344, -1.3168470373785517];
            </weights>
            <biases>
                values : [-0.9152483427867706, -2.484992034507152, -1.2713184832087665, -3.734156475092666, -3.3965269763207857, -0.4261566967356896, -5.222902136649808, -5.8774440089549715, 1.3886939083331011, -2.9390826373543737, -9.023823738623566, -1.879942068421225, -1.723223333842514, -61.77644147909571, -2.5840942201209285, 54.63438016467796];
            </biases>
        </1>
        <2>
            <weights>
                0 : [7.587578935861915, -0.3449175145347881, -2.674458495358815, -2.1011321102198366, 8.958468370689184, 8.731541098775942, -0.287370221210642, 4.792784211427138, -2.2914427255632983, 2.0227263874835284, -2.4572975876025955, -1.7586167781446564, -24.220492050967948, 30.958424768160633, -1.1022405169741427, 20.515099638508936];
                1 : [15.503941025842106, -2.6027846877226395, -3.4570879183563084, -0.8675592154093099, 1.6319024668984443, 1.9469722056133143, 0.869869487179821, -0.6974329760085818, -10.136695270859388, -46.28874700975373, -2.0933936350777533, 0.20730706774720495, -7.405158807224858, 2.4128216387955668, 20.14087561379559, 2.0245226260196003];
                2 : [-9.489823007179615, -6.286623111851087, 11.455024094550659, 1.1864047515125364, 10.537543605823673, -25.572203172168823, 3.6633344146668363, 3.568767544056525, 9.290266991703335, -3.0494624499035923, 1.2508039263746173, -3.3682718472797, 5.487740169590151, -5.719210416244417, -7.741379328966591, 53.6817451748341];
                3 : [3.3094469817234256, -29.35523094064671, -3.4613771347891826, 11.030544520329688, 0.550651349508677, -0.6067254521751989, -0.5761001210325891, -48.93886492462527, -1.4124988749505427, 1.0603114616321605, 0.8240179917194316, -0.5480757693890408, -5.917419931319187, -54.276828418589936, -3.120079482048648, -55.87917614801807];
                4 : [-3.656544660880014, -0.055548082417412686, 2.2372599707635996, 12.490152848361529, -68.20785841348582, 32.45061689605637, -2.1182263556908913, -14.989596946445886, 0.6357180018440901, -1.4847488468072607, -4.376643617033861, 0.4962265888502411, 4.976052056234003, -12.045336528384984, -2.3845948114447255, -1.4286198906207583];
                5 : [11.296022872195637, -0.8257187099045297, -3.5729826810876975, -0.4171692254625617, -10.226179658204112, 15.242566714721116, -2.066986279911916, 2.9827053497961247, -3.802310533067205, -0.6429998559166753, -0.04335875015885188, -3.856871756471696, -3.809657064625812, -4.294491643571609, -4.245558704950096, 38.55748584810373];
                6 : [-0.8898190440129652, -18.471667752113227, 6.846580301122297, 12.701664281876415, -17.485114393563254, 6.682831445269222, -0.8366955299639646, -9.401172978636497, 1.4002617449744454, 7.750345555143162, 21.96964455626532, -4.363920699077491, -13.04826301963212, -15.470998357925652, 7.467843537230869, 0.2794051265954509];
                7 : [34.315559229696895, -1.5735256598324374, 1.9910874464719666, 0.3566781935578995, -0.5794850841314494, -2.2153833541783623, 0.8154684590356366, -0.565058626648117, 19.613002965874397, -40.657297500937595, -0.7949466371463348, 1.367204281959511, 0.7290398160232244, -18.206572747509277, 9.342372399169967, 1.4641795296429594];
            </weights>
            <biases>
                values : [-30.977196608921837, -0.1529116440102476, -47.487379596968225, 56.59232163143765, -6.739452926703033, -32.15410953287615, -12.908571012751253, -22.470443839295257];
            </biases>
        </2>
        <3>
            <weights>
                0 : [-4.598980716062553, -4.2359128711030465, -1.2440731273714796, -7.140139477617134, 3.182222751273255, -3.21926903366122, 8.643472159319893, -6.621314101290971];
                1 : [4.5989807160625515, 4.235912871103048, 1.2440731273714787, 7.140139477617133, -3.182222751273254, 3.2192690336612175, -8.643472159319892, 6.621314101290969];
            </weights>
            <biases>
                values : [3.2396968300591538, -3.2396968300591515];
            </biases>
        </3>
    </Layers>
</Network>
