<Network>
    sizes : [18, 10, 2];
    <Layers>
        <1>
            <weights>
                0 : [-0.4442063812283844, -0.17134965569096683, -0.07059128595938602, 0.23316136098656948, 0.13563813170068129, 0.2377686214090038, 0.44794285997129923, 0.07466330779892594, 0.2595119548462873, -0.4891107348623861, -0.4846888333629036, 0.013376943681648101, -0.10753743455062847, -0.18929641701441413, 0.10050754582386734, -0.46300051418936394, 0.4440433898867362, -0.3044834077530362];
                1 : [-0.2951503961183466, -0.10766226238538212, -0.06811447195076414, 0.004752956627866789, 0.43760743572981076, 0.43016493644177534, -0.19112043473502482, -0.3183241392337426, -0.27469136425191176, 0.24188955052084438, -0.328029969782357, 0.3591113287796611, -0.19803116806541599, -0.25273049449310847, -0.4389050287837839, 0.36019191271633677, 0.31299508524405295, 0.13655295897345943];
                2 : [0.47008901079940213, 0.22999656321085127, 0.35377487303182387, -0.14346427553481855, -0.3800712128966842, 0.4735575961517342, -0.07113521227701514, -0.10294163513648691, -0.223034796415696, -0.36224594455489545, 0.15303577840297644, -0.34442014009870203, -0.04365716825700794, -0.4087663627717335, 0.08193473936152007, 0.4034009627267996, 0.4902907658536738, -0.1672969780027509];
                3 : [0.1490933628756167, -0.13875311639717502, -0.25718682669624615, 0.217608204086298, 0.009641085924803283, 0.09079098488314641, -0.22691636015313887, -0.24926324699686475, 0.11336177835026551, 0.1683616247176165, -0.3688611420821676, 0.16878061313478587, 0.21808790282177548, -0.09437410975637339, -0.1134625110301466, -0.1273981448541146, 0.17900483028512926, -0.09063994425597477];
                4 : [0.19863642537321702, -0.02684394711891802, 0.3239111570279136, -0.1467042185107652, -0.3190531977819182, -0.42796094461621503, -0.31127518303901136, -0.4887117886458784, 0.22312110194470813, 0.13007136091049132, 0.25451296297162973, 0.3492915688468383, 0.22547744708745732, 0.3736436508131291, 0.32436970706560075, -0.37252224862271055, -0.22909910970625957, -0.23659432388218204];
                5 : [0.13251186089639722, 0.4316839179456081, -0.2733088777561964, -0.006727363586261137, -0.1909966146067591, 0.3413596875544498, 0.42031541182400756, 0.22564444474054002, -0.2458753019519928, 0.15143371187574173, 0.05831708385388612, -0.11831572174415372, 0.006509368040604757, -0.022659264930969814, 0.4697559177770926, 0.4013154642110366, -0.2616407595630862, 0.24341338491658904];
                6 : [0.1743330200355635, -0.383720767577296, -0.14199967137564873, -0.0797287659996131, -0.3616504175399956, -0.3535028815437047, 0.01285651902818652, 0.22504142332248922, -0.2733624759611598, -0.12901284126206825, -0.14054841182480382, 0.012893656329673098, 0.39725436101923706, -0.3534691366972972, -0.044863407962071666, 0.2217055060690052, 0.03460850308593333, 0.15460802295866038];
                7 : [0.24651793065768568, 0.29734848353098664, 0.35442764411067396, 0.29530618960032284, 0.03221075180432209, -0.1619930618075025, 0.1426446112472206, -0.32980716492952644, 0.06117796686943666, 0.044325719588569235, 0.23190672194218864, 0.12097016547410744, 0.27214489196191793, 0.46851225704396504, -0.3493353329787573, -0.014926894940199942, -0.14102915802964888, -0.14921079955871241];
                8 : [-0.18958391236025995, -0.22249284430466887, -0.26809369090141766, 0.0900212392236921, 0.24489563010685778, -0.030452606808481275, 0.03184562437349492, -0.15387063980036042, -0.11254318744035297, 0.013244252881888019, -0.0278210681341855, 0.08199678873738514, 0.44876864030787467, 0.3509058295805608, 0.01615062819632862, 0.08288919339376233, 0.4705643878883896, -0.407902015949293];
                9 : [-0.27193781631138236, 0.4059847529761176, -0.049035441324491114, 0.27589226709951986, 0.3591917224873481, 0.2942267247178634, 0.4196756674119886, 0.3051566422476858, -0.32427321964463707, 0.34821789436746664, 0.18140215130393067, 0.005648509239958521, -0.4858310816263921, 0.49966823805971794, -0.2663699282240186, 0.14028287339677503, 0.333222478669552, -0.3623801154477515];
            </weights>
            <biases>
                values : [0.0, 0.0, 0.0, 0.0, 0.0, 0.0, 0.0, 0.0, 0.0, 0.0];
            </biases>
        </1>
        <2>
            <weights>
                0 : [-0.41627064575908923, -0.3357750536051368, 0.03293587235199047, 0.022130882160263265, 0.4622255552869404, -0.2795813438275033, 0.014213069479993679, -0.015899016864349136, 0.44163629438844676, -0.07297274606219273];
                1 : [0.08847035773577905, 0.26381067414581416, 0.07291842076792932, -0.08732732064294924, 0.4249893566472821, -0.424107659147952, 0.04758270185257907, -0.22454341275783996, 0.08768798533474154, 0.3965078917857058];
            </weights>
            <biases>
                values : [0.0, 0.0];
            </biases>
        </2>
    </Layers>
</Network>
